5.000000000000000000e+00 2.000000000000000000e+01
5.504917144775390625e+00 2.012000000000000099e+01
6.305643081665039062e+00 2.024000000000000199e+01
7.186726570129394531e+00 2.036000000000000298e+01
8.154886245727539062e+00 2.048000000000000398e+01
9.005860328674316406e+00 2.060000000000000497e+01
9.865968704223632812e+00 2.072000000000000597e+01
1.073255729675292969e+01 2.084000000000000696e+01
1.154156208038330078e+01 2.096000000000000796e+01
1.234813404083251953e+01 2.108000000000000895e+01
1.314853191375732422e+01 2.120000000000000995e+01
1.390275001525878906e+01 2.132000000000001094e+01
1.468797016143798828e+01 2.144000000000001194e+01
1.543754482269287109e+01 2.156000000000001293e+01
1.623492431640625000e+01 2.168000000000001393e+01
1.694329261779785156e+01 2.180000000000001492e+01
1.764139556884765625e+01 2.192000000000001592e+01
1.831180763244628906e+01 2.204000000000001691e+01
1.901831817626953125e+01 2.216000000000001791e+01
1.971289825439453125e+01 2.228000000000001890e+01
2.043733787536621094e+01 2.240000000000001990e+01
2.112077140808105469e+01 2.252000000000002089e+01
2.177677154541015625e+01 2.264000000000002188e+01
2.241742897033691406e+01 2.276000000000002288e+01
2.304985046386718750e+01 2.288000000000002387e+01
2.361272621154785156e+01 2.300000000000002487e+01
2.419117164611816406e+01 2.312000000000002586e+01
2.480947303771972656e+01 2.324000000000002686e+01
2.542057609558105469e+01 2.336000000000002785e+01
2.607911109924316406e+01 2.348000000000002885e+01
2.663453102111816406e+01 2.360000000000002984e+01
2.715435600280761719e+01 2.372000000000003084e+01
2.765792083740234375e+01 2.384000000000003183e+01
2.820668220520019531e+01 2.396000000000003283e+01
2.869776916503906250e+01 2.408000000000003382e+01
2.918889236450195312e+01 2.420000000000003482e+01
2.969845581054687500e+01 2.432000000000003581e+01
3.016476058959960938e+01 2.444000000000003681e+01
3.059864425659179688e+01 2.456000000000003780e+01
3.106655120849609375e+01 2.468000000000003880e+01
3.148517799377441406e+01 2.480000000000003979e+01
3.192525863647460938e+01 2.492000000000004079e+01
3.232581710815429688e+01 2.504000000000004178e+01
3.271772766113281250e+01 2.516000000000004277e+01
3.313661193847656250e+01 2.528000000000004377e+01
3.351761245727539062e+01 2.540000000000004476e+01
3.387493896484375000e+01 2.552000000000004576e+01
3.419253921508789062e+01 2.564000000000004675e+01
3.454890823364257812e+01 2.576000000000004775e+01
3.487783050537109375e+01 2.588000000000004874e+01
3.521084976196289062e+01 2.600000000000004974e+01
3.552293014526367188e+01 2.612000000000005073e+01
3.580095672607421875e+01 2.624000000000005173e+01
3.608786773681640625e+01 2.636000000000005272e+01
3.632012176513671875e+01 2.648000000000005372e+01
3.653081130981445312e+01 2.660000000000005471e+01
3.671657562255859375e+01 2.672000000000005571e+01
3.690662384033203125e+01 2.684000000000005670e+01
3.706529617309570312e+01 2.696000000000005770e+01
3.721638107299804688e+01 2.708000000000005869e+01
3.732140731811523438e+01 2.720000000000005969e+01
3.737884902954101562e+01 2.732000000000006068e+01
3.745862960815429688e+01 2.744000000000006168e+01
3.750459671020507812e+01 2.756000000000006267e+01
3.754209518432617188e+01 2.768000000000006366e+01
3.760382461547851562e+01 2.780000000000006466e+01
3.765102005004882812e+01 2.792000000000006565e+01
3.769905853271484375e+01 2.804000000000006665e+01
3.772918319702148438e+01 2.816000000000006764e+01
3.777238082885742188e+01 2.828000000000006864e+01
3.778281402587890625e+01 2.840000000000006963e+01
3.779494476318359375e+01 2.852000000000007063e+01
3.777447128295898438e+01 2.864000000000007162e+01
3.775028228759765625e+01 2.876000000000007262e+01
3.772151947021484375e+01 2.888000000000007361e+01
3.772499465942382812e+01 2.900000000000007461e+01
3.765408325195312500e+01 2.912000000000007560e+01
3.758682250976562500e+01 2.924000000000007660e+01
3.750851440429687500e+01 2.936000000000007759e+01
3.745343780517578125e+01 2.948000000000007859e+01
3.735710144042968750e+01 2.960000000000007958e+01
3.724802780151367188e+01 2.972000000000008058e+01
3.714411926269531250e+01 2.984000000000008157e+01
3.698423385620117188e+01 2.996000000000008257e+01
3.685078811645507812e+01 3.008000000000008356e+01
3.669157791137695312e+01 3.020000000000008455e+01
3.652225875854492188e+01 3.032000000000008555e+01
3.633424758911132812e+01 3.044000000000008654e+01
3.618107986450195312e+01 3.056000000000008754e+01
3.600560379028320312e+01 3.068000000000008853e+01
3.585518646240234375e+01 3.080000000000008953e+01
3.565358352661132812e+01 3.092000000000009052e+01
3.544784927368164062e+01 3.104000000000009152e+01
3.522607421875000000e+01 3.116000000000009251e+01
3.495917510986328125e+01 3.128000000000009351e+01
3.466983032226562500e+01 3.140000000000009450e+01
3.443544387817382812e+01 3.152000000000009550e+01
3.416872787475585938e+01 3.164000000000009649e+01
3.391905975341796875e+01 3.176000000000009749e+01
3.366335296630859375e+01 3.188000000000009848e+01
3.341501235961914062e+01 3.200000000000009948e+01
3.316374969482421875e+01 3.212000000000009692e+01
3.287347412109375000e+01 3.224000000000009436e+01
3.258864212036132812e+01 3.236000000000009180e+01
3.232504653930664062e+01 3.248000000000008924e+01
3.205035400390625000e+01 3.260000000000008669e+01
3.177118682861328125e+01 3.272000000000008413e+01
3.151853752136230469e+01 3.284000000000008157e+01
3.127026748657226562e+01 3.296000000000007901e+01
3.100832748413085938e+01 3.308000000000007645e+01
3.077080154418945312e+01 3.320000000000007390e+01
3.050438499450683594e+01 3.332000000000007134e+01
3.023038673400878906e+01 3.344000000000006878e+01
2.999271392822265625e+01 3.356000000000006622e+01
2.975263214111328125e+01 3.368000000000006366e+01
2.951988792419433594e+01 3.380000000000006111e+01
2.930309295654296875e+01 3.392000000000005855e+01
2.909844970703125000e+01 3.404000000000005599e+01
2.888196945190429688e+01 3.416000000000005343e+01
2.864585494995117188e+01 3.428000000000005087e+01
2.838439750671386719e+01 3.440000000000004832e+01
2.816791915893554688e+01 3.452000000000004576e+01
2.798781204223632812e+01 3.464000000000004320e+01
2.778689193725585938e+01 3.476000000000004064e+01
2.759667587280273438e+01 3.488000000000003809e+01
2.741884994506835938e+01 3.500000000000003553e+01
2.720428848266601562e+01 3.512000000000003297e+01
2.704663658142089844e+01 3.524000000000003041e+01
2.684257888793945312e+01 3.536000000000002785e+01
2.669610786437988281e+01 3.548000000000002530e+01
2.656634140014648438e+01 3.560000000000002274e+01
2.641667175292968750e+01 3.572000000000002018e+01
2.628688430786132812e+01 3.584000000000001762e+01
2.617418289184570312e+01 3.596000000000001506e+01
2.605330276489257812e+01 3.608000000000001251e+01
2.596308135986328125e+01 3.620000000000000995e+01
2.589408302307128906e+01 3.632000000000000739e+01
2.582469177246093750e+01 3.644000000000000483e+01
2.574423217773437500e+01 3.656000000000000227e+01
2.571868896484375000e+01 3.667999999999999972e+01
2.567744827270507812e+01 3.679999999999999716e+01
2.563749885559082031e+01 3.691999999999999460e+01
2.562130928039550781e+01 3.703999999999999204e+01
2.559924507141113281e+01 3.715999999999998948e+01
2.558741378784179688e+01 3.727999999999998693e+01
2.557442855834960938e+01 3.739999999999998437e+01
2.559884071350097656e+01 3.751999999999998181e+01
2.560155296325683594e+01 3.763999999999997925e+01
2.560119628906250000e+01 3.775999999999997669e+01
2.562329864501953125e+01 3.787999999999997414e+01
2.566586112976074219e+01 3.799999999999997158e+01
2.570958709716796875e+01 3.811999999999996902e+01
2.578081893920898438e+01 3.823999999999996646e+01
2.585614585876464844e+01 3.835999999999996390e+01
2.594887161254882812e+01 3.847999999999996135e+01
2.603491783142089844e+01 3.859999999999995879e+01
2.613127899169921875e+01 3.871999999999995623e+01
2.623090744018554688e+01 3.883999999999995367e+01
2.633693313598632812e+01 3.895999999999995111e+01
2.645416259765625000e+01 3.907999999999994856e+01
2.658229064941406250e+01 3.919999999999994600e+01
2.673601531982421875e+01 3.931999999999994344e+01
2.689846420288085938e+01 3.943999999999994088e+01
2.708920669555664062e+01 3.955999999999993832e+01
2.726599502563476562e+01 3.967999999999993577e+01
2.744945907592773438e+01 3.979999999999993321e+01
2.762931632995605469e+01 3.991999999999993065e+01
2.783826446533203125e+01 4.003999999999992809e+01
2.803247833251953125e+01 4.015999999999992554e+01
2.826341247558593750e+01 4.027999999999992298e+01
2.848795890808105469e+01 4.039999999999992042e+01
2.869314002990722656e+01 4.051999999999991786e+01
2.890835189819335938e+01 4.063999999999991530e+01
2.915974998474121094e+01 4.075999999999991275e+01
2.941202354431152344e+01 4.087999999999991019e+01
2.968086433410644531e+01 4.099999999999990763e+01
2.992355918884277344e+01 4.111999999999990507e+01
3.016347503662109375e+01 4.123999999999990251e+01
3.041450119018554688e+01 4.135999999999989996e+01
3.068066215515136719e+01 4.147999999999989740e+01
3.094966506958007812e+01 4.159999999999989484e+01
3.119978141784667969e+01 4.171999999999989228e+01
3.148009872436523438e+01 4.183999999999988972e+01
3.175148582458496094e+01 4.195999999999988717e+01
3.205117797851562500e+01 4.207999999999988461e+01
3.234177780151367188e+01 4.219999999999988205e+01
3.262961959838867188e+01 4.231999999999987949e+01
3.292333602905273438e+01 4.243999999999987693e+01
3.327496719360351562e+01 4.255999999999987438e+01
3.359521102905273438e+01 4.267999999999987182e+01
3.398647689819335938e+01 4.279999999999986926e+01
3.438955307006835938e+01 4.291999999999986670e+01
3.475044250488281250e+01 4.303999999999986414e+01
3.514909362792968750e+01 4.315999999999986159e+01
3.553605270385742188e+01 4.327999999999985903e+01
3.591379547119140625e+01 4.339999999999985647e+01
3.634249877929687500e+01 4.351999999999985391e+01
3.680994415283203125e+01 4.363999999999985135e+01
3.732855224609375000e+01 4.375999999999984880e+01
3.778425598144531250e+01 4.387999999999984624e+01
3.823474884033203125e+01 4.399999999999984368e+01
3.862588500976562500e+01 4.411999999999984112e+01
3.904764556884765625e+01 4.423999999999983856e+01
3.952300643920898438e+01 4.435999999999983601e+01
3.999885940551757812e+01 4.447999999999983345e+01
4.044011306762695312e+01 4.459999999999983089e+01
4.090155410766601562e+01 4.471999999999982833e+01
4.142332077026367188e+01 4.483999999999982577e+01
4.196087265014648438e+01 4.495999999999982322e+01
4.243101119995117188e+01 4.507999999999982066e+01
4.290313720703125000e+01 4.519999999999981810e+01
4.345286178588867188e+01 4.531999999999981554e+01
4.397454071044921875e+01 4.543999999999981299e+01
4.445956039428710938e+01 4.555999999999981043e+01
4.497025299072265625e+01 4.567999999999980787e+01
4.542514419555664062e+01 4.579999999999980531e+01
4.590586853027343750e+01 4.591999999999980275e+01
4.647079467773437500e+01 4.603999999999980020e+01
4.693093490600585938e+01 4.615999999999979764e+01
4.740338134765625000e+01 4.627999999999979508e+01
4.794020843505859375e+01 4.639999999999979252e+01
4.844248962402343750e+01 4.651999999999978996e+01
4.890342712402343750e+01 4.663999999999978741e+01
4.940403366088867188e+01 4.675999999999978485e+01
4.994038772583007812e+01 4.687999999999978229e+01
5.044182205200195312e+01 4.699999999999977973e+01
5.094517517089843750e+01 4.711999999999977717e+01
5.140676116943359375e+01 4.723999999999977462e+01
5.194160079956054688e+01 4.735999999999977206e+01
5.237889862060546875e+01 4.747999999999976950e+01
5.279175949096679688e+01 4.759999999999976694e+01
5.319565582275390625e+01 4.771999999999976438e+01
5.367372894287109375e+01 4.783999999999976183e+01
5.414013671875000000e+01 4.795999999999975927e+01
5.453074645996093750e+01 4.807999999999975671e+01
5.497232437133789062e+01 4.819999999999975415e+01
5.533143997192382812e+01 4.831999999999975159e+01
5.577367782592773438e+01 4.843999999999974904e+01
5.616829299926757812e+01 4.855999999999974648e+01
5.656148147583007812e+01 4.867999999999974392e+01
5.694432449340820312e+01 4.879999999999974136e+01
5.730617904663085938e+01 4.891999999999973880e+01
5.766402435302734375e+01 4.903999999999973625e+01
5.792927932739257812e+01 4.915999999999973369e+01
5.825618362426757812e+01 4.927999999999973113e+01
5.854121398925781250e+01 4.939999999999972857e+01
5.880595397949218750e+01 4.951999999999972601e+01
5.905897903442382812e+01 4.963999999999972346e+01
5.929764175415039062e+01 4.975999999999972090e+01
5.951121139526367188e+01 4.987999999999971834e+01
5.970229721069335938e+01 4.999999999999971578e+01
5.990477752685546875e+01 5.011999999999971322e+01
6.006340789794921875e+01 5.023999999999971067e+01
6.024006652832031250e+01 5.035999999999970811e+01
6.037651824951171875e+01 5.047999999999970555e+01
6.053073501586914062e+01 5.059999999999970299e+01
6.070347976684570312e+01 5.071999999999970044e+01
6.083401489257812500e+01 5.083999999999969788e+01
6.094918060302734375e+01 5.095999999999969532e+01
6.098390197753906250e+01 5.107999999999969276e+01
6.105094146728515625e+01 5.119999999999969020e+01
6.114951324462890625e+01 5.131999999999968765e+01
6.124303436279296875e+01 5.143999999999968509e+01
6.130415725708007812e+01 5.155999999999968253e+01
6.134306716918945312e+01 5.167999999999967997e+01
6.135028076171875000e+01 5.179999999999967741e+01
6.137565612792968750e+01 5.191999999999967486e+01
6.141436386108398438e+01 5.203999999999967230e+01
6.144279479980468750e+01 5.215999999999966974e+01
6.147492599487304688e+01 5.227999999999966718e+01
6.148765945434570312e+01 5.239999999999966462e+01
6.148946762084960938e+01 5.251999999999966207e+01
6.147810745239257812e+01 5.263999999999965951e+01
6.146756744384765625e+01 5.275999999999965695e+01
6.143381118774414062e+01 5.287999999999965439e+01
6.139907455444335938e+01 5.299999999999965183e+01
6.141119003295898438e+01 5.311999999999964928e+01
6.138988494873046875e+01 5.323999999999964672e+01
6.123093795776367188e+01 5.335999999999964416e+01
6.112688446044921875e+01 5.347999999999964160e+01
6.098673248291015625e+01 5.359999999999963904e+01
6.083646392822265625e+01 5.371999999999963649e+01
6.069606399536132812e+01 5.383999999999963393e+01
6.052779388427734375e+01 5.395999999999963137e+01
6.042641830444335938e+01 5.407999999999962881e+01
6.026081085205078125e+01 5.419999999999962625e+01
6.010185241699218750e+01 5.431999999999962370e+01
5.993820953369140625e+01 5.443999999999962114e+01
5.977735900878906250e+01 5.455999999999961858e+01
5.957929992675781250e+01 5.467999999999961602e+01
5.933200836181640625e+01 5.479999999999961346e+01
5.911519622802734375e+01 5.491999999999961091e+01
5.888742828369140625e+01 5.503999999999960835e+01
5.858180236816406250e+01 5.515999999999960579e+01
5.834131240844726562e+01 5.527999999999960323e+01
5.807038879394531250e+01 5.539999999999960067e+01
5.780450057983398438e+01 5.551999999999959812e+01
5.754253387451171875e+01 5.563999999999959556e+01
5.728568649291992188e+01 5.575999999999959300e+01
5.698990249633789062e+01 5.587999999999959044e+01
5.669451522827148438e+01 5.599999999999958789e+01
5.637556076049804688e+01 5.611999999999958533e+01
5.603773498535156250e+01 5.623999999999958277e+01
5.577470397949218750e+01 5.635999999999958021e+01
5.544243240356445312e+01 5.647999999999957765e+01
5.505701828002929688e+01 5.659999999999957510e+01
5.477370834350585938e+01 5.671999999999957254e+01
5.449820327758789062e+01 5.683999999999956998e+01
5.425502777099609375e+01 5.695999999999956742e+01
5.398366546630859375e+01 5.707999999999956486e+01
5.365887832641601562e+01 5.719999999999956231e+01
5.329529571533203125e+01 5.731999999999955975e+01
5.308021163940429688e+01 5.743999999999955719e+01
5.285110855102539062e+01 5.755999999999955463e+01
5.258184051513671875e+01 5.767999999999955207e+01
5.229188537597656250e+01 5.779999999999954952e+01
5.199343490600585938e+01 5.791999999999954696e+01
5.170446777343750000e+01 5.803999999999954440e+01
5.143291854858398438e+01 5.815999999999954184e+01
5.119667816162109375e+01 5.827999999999953928e+01
5.094625854492187500e+01 5.839999999999953673e+01
5.070314025878906250e+01 5.851999999999953417e+01
5.046906661987304688e+01 5.863999999999953161e+01
5.017269897460937500e+01 5.875999999999952905e+01
4.996618652343750000e+01 5.887999999999952649e+01
4.975273895263671875e+01 5.899999999999952394e+01
4.952061462402343750e+01 5.911999999999952138e+01
4.927843093872070312e+01 5.923999999999951882e+01
4.911193084716796875e+01 5.935999999999951626e+01
4.892913055419921875e+01 5.947999999999951370e+01
4.878342437744140625e+01 5.959999999999951115e+01
4.863934326171875000e+01 5.971999999999950859e+01
4.852389144897460938e+01 5.983999999999950603e+01
4.841756057739257812e+01 5.995999999999950347e+01
4.825490570068359375e+01 6.007999999999950091e+01
4.812076187133789062e+01 6.019999999999949836e+01
4.794282913208007812e+01 6.031999999999949580e+01
4.780747985839843750e+01 6.043999999999949324e+01
4.765780639648437500e+01 6.055999999999949068e+01
4.754007720947265625e+01 6.067999999999948813e+01
4.738803863525390625e+01 6.079999999999948557e+01
4.725479125976562500e+01 6.091999999999948301e+01
4.711898422241210938e+01 6.103999999999948045e+01
4.710163879394531250e+01 6.115999999999947789e+01
4.707831192016601562e+01 6.127999999999947534e+01
4.702145004272460938e+01 6.139999999999947278e+01
4.694422149658203125e+01 6.151999999999947022e+01
4.690135574340820312e+01 6.163999999999946766e+01
4.693719863891601562e+01 6.175999999999946510e+01
4.691228103637695312e+01 6.187999999999946255e+01
4.695574188232421875e+01 6.199999999999945999e+01
4.696170806884765625e+01 6.211999999999945743e+01
4.687136459350585938e+01 6.223999999999945487e+01
4.689667510986328125e+01 6.235999999999945231e+01
4.691356277465820312e+01 6.247999999999944976e+01
4.704463958740234375e+01 6.259999999999944720e+01
4.705813217163085938e+01 6.271999999999944464e+01
4.721439361572265625e+01 6.283999999999944208e+01
4.727878570556640625e+01 6.295999999999943952e+01
4.737834930419921875e+01 6.307999999999943697e+01
4.749844741821289062e+01 6.319999999999943441e+01
4.764198303222656250e+01 6.331999999999943185e+01
4.784653472900390625e+01 6.343999999999942929e+01
4.803305053710937500e+01 6.355999999999942673e+01
4.821722412109375000e+01 6.367999999999942418e+01
4.837109756469726562e+01 6.379999999999942162e+01
4.851951599121093750e+01 6.391999999999941906e+01
4.868069839477539062e+01 6.403999999999942361e+01
4.883633422851562500e+01 6.415999999999942816e+01
4.903531265258789062e+01 6.427999999999943270e+01
4.929047012329101562e+01 6.439999999999943725e+01
4.952224731445312500e+01 6.451999999999944180e+01
4.970626068115234375e+01 6.463999999999944635e+01
4.991339874267578125e+01 6.475999999999945089e+01
5.016751098632812500e+01 6.487999999999945544e+01
5.043149948120117188e+01 6.499999999999945999e+01
5.077018356323242188e+01 6.511999999999946453e+01
5.111523056030273438e+01 6.523999999999946908e+01
5.145923614501953125e+01 6.535999999999947363e+01
5.182141494750976562e+01 6.547999999999947818e+01
5.216269683837890625e+01 6.559999999999948272e+01
5.256017303466796875e+01 6.571999999999948727e+01
5.287091064453125000e+01 6.583999999999949182e+01
5.323180007934570312e+01 6.595999999999949637e+01
5.356586074829101562e+01 6.607999999999950091e+01
5.405170059204101562e+01 6.619999999999950546e+01
5.443189620971679688e+01 6.631999999999951001e+01
5.481117630004882812e+01 6.643999999999951456e+01
5.525836944580078125e+01 6.655999999999951910e+01
5.563535308837890625e+01 6.667999999999952365e+01
5.608023834228515625e+01 6.679999999999952820e+01
5.653585433959960938e+01 6.691999999999953275e+01
5.694718551635742188e+01 6.703999999999953729e+01
5.739315032958984375e+01 6.715999999999954184e+01
5.788495254516601562e+01 6.727999999999954639e+01
5.831740188598632812e+01 6.739999999999955094e+01
5.876475143432617188e+01 6.751999999999955548e+01
5.923735809326171875e+01 6.763999999999956003e+01
5.978229141235351562e+01 6.775999999999956458e+01
6.026382446289062500e+01 6.787999999999956913e+01
6.068998718261718750e+01 6.799999999999957367e+01
