2.000000000000000000e+01 2.000000000000000000e+01
2.013136863708496094e+01 2.012000000000000099e+01
2.008574104309082031e+01 2.024000000000000199e+01
1.998107147216796875e+01 2.036000000000000298e+01
2.000338935852050781e+01 2.048000000000000398e+01
2.009640502929687500e+01 2.060000000000000497e+01
2.018767547607421875e+01 2.072000000000000597e+01
2.034460639953613281e+01 2.084000000000000696e+01
2.053966140747070312e+01 2.096000000000000796e+01
2.075806045532226562e+01 2.108000000000000895e+01
2.097317123413085938e+01 2.120000000000000995e+01
2.122612953186035156e+01 2.132000000000001094e+01
2.149582672119140625e+01 2.144000000000001194e+01
2.176999092102050781e+01 2.156000000000001293e+01
2.204445838928222656e+01 2.168000000000001393e+01
2.232607269287109375e+01 2.180000000000001492e+01
2.262258720397949219e+01 2.192000000000001592e+01
2.292403602600097656e+01 2.204000000000001691e+01
2.321928215026855469e+01 2.216000000000001791e+01
2.351405334472656250e+01 2.228000000000001890e+01
2.383299255371093750e+01 2.240000000000001990e+01
2.412881088256835938e+01 2.252000000000002089e+01
2.442716026306152344e+01 2.264000000000002188e+01
2.475933456420898438e+01 2.276000000000002288e+01
2.507479476928710938e+01 2.288000000000002387e+01
2.538355255126953125e+01 2.300000000000002487e+01
2.568572235107421875e+01 2.312000000000002586e+01
2.597623252868652344e+01 2.324000000000002686e+01
2.625220108032226562e+01 2.336000000000002785e+01
2.647594070434570312e+01 2.348000000000002885e+01
2.669092559814453125e+01 2.360000000000002984e+01
2.690967750549316406e+01 2.372000000000003084e+01
2.709836959838867188e+01 2.384000000000003183e+01
2.728771400451660156e+01 2.396000000000003283e+01
2.744092369079589844e+01 2.408000000000003382e+01
2.756542205810546875e+01 2.420000000000003482e+01
2.766740226745605469e+01 2.432000000000003581e+01
2.775515937805175781e+01 2.444000000000003681e+01
2.781096458435058594e+01 2.456000000000003780e+01
2.785605239868164062e+01 2.468000000000003880e+01
2.788036537170410156e+01 2.480000000000003979e+01
2.786179351806640625e+01 2.492000000000004079e+01
2.781535911560058594e+01 2.504000000000004178e+01
2.772399902343750000e+01 2.516000000000004277e+01
2.758811378479003906e+01 2.528000000000004377e+01
2.742173767089843750e+01 2.540000000000004476e+01
2.721408271789550781e+01 2.552000000000004576e+01
2.697621154785156250e+01 2.564000000000004675e+01
2.669058227539062500e+01 2.576000000000004775e+01
2.637494468688964844e+01 2.588000000000004874e+01
2.606941413879394531e+01 2.600000000000004974e+01
2.571687316894531250e+01 2.612000000000005073e+01
2.539778518676757812e+01 2.624000000000005173e+01
2.508732795715332031e+01 2.636000000000005272e+01
2.477504348754882812e+01 2.648000000000005372e+01
2.449316215515136719e+01 2.660000000000005471e+01
2.422304725646972656e+01 2.672000000000005571e+01
2.397531127929687500e+01 2.684000000000005670e+01
2.373830413818359375e+01 2.696000000000005770e+01
2.354062652587890625e+01 2.708000000000005869e+01
2.336848831176757812e+01 2.720000000000005969e+01
2.317744255065917969e+01 2.732000000000006068e+01
2.298635482788085938e+01 2.744000000000006168e+01
2.280512046813964844e+01 2.756000000000006267e+01
2.262101554870605469e+01 2.768000000000006366e+01
2.241683578491210938e+01 2.780000000000006466e+01
2.221781730651855469e+01 2.792000000000006565e+01
2.199243736267089844e+01 2.804000000000006665e+01
2.176558685302734375e+01 2.816000000000006764e+01
2.153562355041503906e+01 2.828000000000006864e+01
2.133185577392578125e+01 2.840000000000006963e+01
2.112228393554687500e+01 2.852000000000007063e+01
2.094793891906738281e+01 2.864000000000007162e+01
2.079533386230468750e+01 2.876000000000007262e+01
2.065977096557617188e+01 2.888000000000007361e+01
2.055379486083984375e+01 2.900000000000007461e+01
2.043132781982421875e+01 2.912000000000007560e+01
2.028749084472656250e+01 2.924000000000007660e+01
2.015500450134277344e+01 2.936000000000007759e+01
2.004298400878906250e+01 2.948000000000007859e+01
1.992322540283203125e+01 2.960000000000007958e+01
1.980885124206542969e+01 2.972000000000008058e+01
1.967848014831542969e+01 2.984000000000008157e+01
1.958808326721191406e+01 2.996000000000008257e+01
1.950517272949218750e+01 3.008000000000008356e+01
1.943100929260253906e+01 3.020000000000008455e+01
1.935750198364257812e+01 3.032000000000008555e+01
1.927407836914062500e+01 3.044000000000008654e+01
1.918894958496093750e+01 3.056000000000008754e+01
1.912070655822753906e+01 3.068000000000008853e+01
1.906750679016113281e+01 3.080000000000008953e+01
1.904044914245605469e+01 3.092000000000009052e+01
1.902783775329589844e+01 3.104000000000009152e+01
1.903110313415527344e+01 3.116000000000009251e+01
1.905099678039550781e+01 3.128000000000009351e+01
1.909990692138671875e+01 3.140000000000009450e+01
1.913297653198242188e+01 3.152000000000009550e+01
1.917407035827636719e+01 3.164000000000009649e+01
1.926412391662597656e+01 3.176000000000009749e+01
1.936266899108886719e+01 3.188000000000009848e+01
1.945083999633789062e+01 3.200000000000009948e+01
1.956412315368652344e+01 3.212000000000009692e+01
1.969862937927246094e+01 3.224000000000009436e+01
1.984804725646972656e+01 3.236000000000009180e+01
2.002105903625488281e+01 3.248000000000008924e+01
2.018128585815429688e+01 3.260000000000008669e+01
2.033740043640136719e+01 3.272000000000008413e+01
2.049831771850585938e+01 3.284000000000008157e+01
2.066997718811035156e+01 3.296000000000007901e+01
2.084722328186035156e+01 3.308000000000007645e+01
2.104025650024414062e+01 3.320000000000007390e+01
2.126006126403808594e+01 3.332000000000007134e+01
2.148698806762695312e+01 3.344000000000006878e+01
2.170702362060546875e+01 3.356000000000006622e+01
2.193763732910156250e+01 3.368000000000006366e+01
2.217053413391113281e+01 3.380000000000006111e+01
2.240119552612304688e+01 3.392000000000005855e+01
2.262592506408691406e+01 3.404000000000005599e+01
2.285290908813476562e+01 3.416000000000005343e+01
2.309844207763671875e+01 3.428000000000005087e+01
2.335688781738281250e+01 3.440000000000004832e+01
2.360776329040527344e+01 3.452000000000004576e+01
2.387402534484863281e+01 3.464000000000004320e+01
2.414428138732910156e+01 3.476000000000004064e+01
2.444841575622558594e+01 3.488000000000003809e+01
2.475541496276855469e+01 3.500000000000003553e+01
2.507168579101562500e+01 3.512000000000003297e+01
2.539318847656250000e+01 3.524000000000003041e+01
2.573327445983886719e+01 3.536000000000002785e+01
2.608392333984375000e+01 3.548000000000002530e+01
2.643988800048828125e+01 3.560000000000002274e+01
2.684042358398437500e+01 3.572000000000002018e+01
2.723498725891113281e+01 3.584000000000001762e+01
2.765615081787109375e+01 3.596000000000001506e+01
2.808547401428222656e+01 3.608000000000001251e+01
2.851283073425292969e+01 3.620000000000000995e+01
2.897071075439453125e+01 3.632000000000000739e+01
2.942056083679199219e+01 3.644000000000000483e+01
2.986516380310058594e+01 3.656000000000000227e+01
3.032444763183593750e+01 3.667999999999999972e+01
3.078018379211425781e+01 3.679999999999999716e+01
3.126695060729980469e+01 3.691999999999999460e+01
3.172420692443847656e+01 3.703999999999999204e+01
3.215238952636718750e+01 3.715999999999998948e+01
3.260011291503906250e+01 3.727999999999998693e+01
3.304300689697265625e+01 3.739999999999998437e+01
3.349161911010742188e+01 3.751999999999998181e+01
3.393890380859375000e+01 3.763999999999997925e+01
3.439798736572265625e+01 3.775999999999997669e+01
3.487075805664062500e+01 3.787999999999997414e+01
3.532566452026367188e+01 3.799999999999997158e+01
3.576783752441406250e+01 3.811999999999996902e+01
3.621416091918945312e+01 3.823999999999996646e+01
3.667333984375000000e+01 3.835999999999996390e+01
3.709310913085937500e+01 3.847999999999996135e+01
3.755473327636718750e+01 3.859999999999995879e+01
3.801353454589843750e+01 3.871999999999995623e+01
3.849189758300781250e+01 3.883999999999995367e+01
3.892913055419921875e+01 3.895999999999995111e+01
3.938191604614257812e+01 3.907999999999994856e+01
3.980871963500976562e+01 3.919999999999994600e+01
4.024848937988281250e+01 3.931999999999994344e+01
4.072234725952148438e+01 3.943999999999994088e+01
4.113500976562500000e+01 3.955999999999993832e+01
4.156601715087890625e+01 3.967999999999993577e+01
4.202059173583984375e+01 3.979999999999993321e+01
4.247042083740234375e+01 3.991999999999993065e+01
4.295624542236328125e+01 4.003999999999992809e+01
4.339796066284179688e+01 4.015999999999992554e+01
4.384773254394531250e+01 4.027999999999992298e+01
4.426763153076171875e+01 4.039999999999992042e+01
4.471960067749023438e+01 4.051999999999991786e+01
4.513541030883789062e+01 4.063999999999991530e+01
4.561126327514648438e+01 4.075999999999991275e+01
4.604013061523437500e+01 4.087999999999991019e+01
4.651747131347656250e+01 4.099999999999990763e+01
4.696760559082031250e+01 4.111999999999990507e+01
4.738637542724609375e+01 4.123999999999990251e+01
4.784246826171875000e+01 4.135999999999989996e+01
4.824822235107421875e+01 4.147999999999989740e+01
4.867929077148437500e+01 4.159999999999989484e+01
4.910597610473632812e+01 4.171999999999989228e+01
4.951985549926757812e+01 4.183999999999988972e+01
4.993163681030273438e+01 4.195999999999988717e+01
5.033978652954101562e+01 4.207999999999988461e+01
5.069348526000976562e+01 4.219999999999988205e+01
5.105085754394531250e+01 4.231999999999987949e+01
5.141233062744140625e+01 4.243999999999987693e+01
5.173113632202148438e+01 4.255999999999987438e+01
5.205495452880859375e+01 4.267999999999987182e+01
5.237559890747070312e+01 4.279999999999986926e+01
5.268270111083984375e+01 4.291999999999986670e+01
5.294765853881835938e+01 4.303999999999986414e+01
5.320604705810546875e+01 4.315999999999986159e+01
5.346030807495117188e+01 4.327999999999985903e+01
5.370311355590820312e+01 4.339999999999985647e+01
5.389825439453125000e+01 4.351999999999985391e+01
5.408871459960937500e+01 4.363999999999985135e+01
5.428327560424804688e+01 4.375999999999984880e+01
5.446126937866210938e+01 4.387999999999984624e+01
5.463920593261718750e+01 4.399999999999984368e+01
5.479690933227539062e+01 4.411999999999984112e+01
5.494260787963867188e+01 4.423999999999983856e+01
5.508585739135742188e+01 4.435999999999983601e+01
5.522163772583007812e+01 4.447999999999983345e+01
5.534426116943359375e+01 4.459999999999983089e+01
5.545936584472656250e+01 4.471999999999982833e+01
5.557992553710937500e+01 4.483999999999982577e+01
5.569155883789062500e+01 4.495999999999982322e+01
5.579255294799804688e+01 4.507999999999982066e+01
5.588094711303710938e+01 4.519999999999981810e+01
5.596057128906250000e+01 4.531999999999981554e+01
5.603265380859375000e+01 4.543999999999981299e+01
5.609572601318359375e+01 4.555999999999981043e+01
5.614609146118164062e+01 4.567999999999980787e+01
5.619120407104492188e+01 4.579999999999980531e+01
5.622374343872070312e+01 4.591999999999980275e+01
5.627702713012695312e+01 4.603999999999980020e+01
5.630852127075195312e+01 4.615999999999979764e+01
5.634270477294921875e+01 4.627999999999979508e+01
5.635920333862304688e+01 4.639999999999979252e+01
5.637682723999023438e+01 4.651999999999978996e+01
5.638175582885742188e+01 4.663999999999978741e+01
5.637440490722656250e+01 4.675999999999978485e+01
5.634684753417968750e+01 4.687999999999978229e+01
5.630184936523437500e+01 4.699999999999977973e+01
5.623924255371093750e+01 4.711999999999977717e+01
5.614548873901367188e+01 4.723999999999977462e+01
5.602910614013671875e+01 4.735999999999977206e+01
5.590222549438476562e+01 4.747999999999976950e+01
5.576765823364257812e+01 4.759999999999976694e+01
5.561006164550781250e+01 4.771999999999976438e+01
5.544308090209960938e+01 4.783999999999976183e+01
5.526899719238281250e+01 4.795999999999975927e+01
5.507372665405273438e+01 4.807999999999975671e+01
5.486276245117187500e+01 4.819999999999975415e+01
5.462010955810546875e+01 4.831999999999975159e+01
5.439194869995117188e+01 4.843999999999974904e+01
5.413965988159179688e+01 4.855999999999974648e+01
5.392364501953125000e+01 4.867999999999974392e+01
5.369765090942382812e+01 4.879999999999974136e+01
5.349448013305664062e+01 4.891999999999973880e+01
5.328338623046875000e+01 4.903999999999973625e+01
5.308983612060546875e+01 4.915999999999973369e+01
5.284191513061523438e+01 4.927999999999973113e+01
5.259932708740234375e+01 4.939999999999972857e+01
5.235276412963867188e+01 4.951999999999972601e+01
5.212814712524414062e+01 4.963999999999972346e+01
5.190644836425781250e+01 4.975999999999972090e+01
5.167587661743164062e+01 4.987999999999971834e+01
5.142390060424804688e+01 4.999999999999971578e+01
5.116594314575195312e+01 5.011999999999971322e+01
5.090678405761718750e+01 5.023999999999971067e+01
5.064410400390625000e+01 5.035999999999970811e+01
5.038953399658203125e+01 5.047999999999970555e+01
5.010794067382812500e+01 5.059999999999970299e+01
4.981781768798828125e+01 5.071999999999970044e+01
4.952674102783203125e+01 5.083999999999969788e+01
4.920862579345703125e+01 5.095999999999969532e+01
4.888739013671875000e+01 5.107999999999969276e+01
4.857634353637695312e+01 5.119999999999969020e+01
4.824543380737304688e+01 5.131999999999968765e+01
4.793463516235351562e+01 5.143999999999968509e+01
4.764656829833984375e+01 5.155999999999968253e+01
4.736514663696289062e+01 5.167999999999967997e+01
4.708422470092773438e+01 5.179999999999967741e+01
4.680397796630859375e+01 5.191999999999967486e+01
4.654772186279296875e+01 5.203999999999967230e+01
4.630263900756835938e+01 5.215999999999966974e+01
4.606689834594726562e+01 5.227999999999966718e+01
4.582447052001953125e+01 5.239999999999966462e+01
4.558464431762695312e+01 5.251999999999966207e+01
4.536766815185546875e+01 5.263999999999965951e+01
4.514271163940429688e+01 5.275999999999965695e+01
4.496580505371093750e+01 5.287999999999965439e+01
4.482389450073242188e+01 5.299999999999965183e+01
4.466713714599609375e+01 5.311999999999964928e+01
4.451075744628906250e+01 5.323999999999964672e+01
4.433359146118164062e+01 5.335999999999964416e+01
4.419829559326171875e+01 5.347999999999964160e+01
4.408121871948242188e+01 5.359999999999963904e+01
4.394645309448242188e+01 5.371999999999963649e+01
4.378661346435546875e+01 5.383999999999963393e+01
4.364616012573242188e+01 5.395999999999963137e+01
4.355585098266601562e+01 5.407999999999962881e+01
4.347528076171875000e+01 5.419999999999962625e+01
4.341051483154296875e+01 5.431999999999962370e+01
4.336051177978515625e+01 5.443999999999962114e+01
4.329971694946289062e+01 5.455999999999961858e+01
4.325686645507812500e+01 5.467999999999961602e+01
4.323233795166015625e+01 5.479999999999961346e+01
4.323438262939453125e+01 5.491999999999961091e+01
4.327889251708984375e+01 5.503999999999960835e+01
4.330377578735351562e+01 5.515999999999960579e+01
4.335123825073242188e+01 5.527999999999960323e+01
4.335815048217773438e+01 5.539999999999960067e+01
4.340563583374023438e+01 5.551999999999959812e+01
4.344956588745117188e+01 5.563999999999959556e+01
4.351525115966796875e+01 5.575999999999959300e+01
4.357987594604492188e+01 5.587999999999959044e+01
4.368292236328125000e+01 5.599999999999958789e+01
4.379124450683593750e+01 5.611999999999958533e+01
4.391246795654296875e+01 5.623999999999958277e+01
4.403701019287109375e+01 5.635999999999958021e+01
4.417691040039062500e+01 5.647999999999957765e+01
4.428474807739257812e+01 5.659999999999957510e+01
4.439408111572265625e+01 5.671999999999957254e+01
4.452199554443359375e+01 5.683999999999956998e+01
4.467544174194335938e+01 5.695999999999956742e+01
4.482374191284179688e+01 5.707999999999956486e+01
4.498169326782226562e+01 5.719999999999956231e+01
4.516712951660156250e+01 5.731999999999955975e+01
4.535837554931640625e+01 5.743999999999955719e+01
4.556211090087890625e+01 5.755999999999955463e+01
4.575814437866210938e+01 5.767999999999955207e+01
4.597074508666992188e+01 5.779999999999954952e+01
4.621697998046875000e+01 5.791999999999954696e+01
4.646396636962890625e+01 5.803999999999954440e+01
4.671451950073242188e+01 5.815999999999954184e+01
4.698379898071289062e+01 5.827999999999953928e+01
4.724747085571289062e+01 5.839999999999953673e+01
4.755174636840820312e+01 5.851999999999953417e+01
4.786117935180664062e+01 5.863999999999953161e+01
4.816353225708007812e+01 5.875999999999952905e+01
4.847542190551757812e+01 5.887999999999952649e+01
4.880545043945312500e+01 5.899999999999952394e+01
4.914517211914062500e+01 5.911999999999952138e+01
4.949274063110351562e+01 5.923999999999951882e+01
4.983102798461914062e+01 5.935999999999951626e+01
5.018558120727539062e+01 5.947999999999951370e+01
5.054441452026367188e+01 5.959999999999951115e+01
5.092632293701171875e+01 5.971999999999950859e+01
5.131467437744140625e+01 5.983999999999950603e+01
5.171181106567382812e+01 5.995999999999950347e+01
5.210877227783203125e+01 6.007999999999950091e+01
5.250062561035156250e+01 6.019999999999949836e+01
5.291275405883789062e+01 6.031999999999949580e+01
5.333314514160156250e+01 6.043999999999949324e+01
5.373481750488281250e+01 6.055999999999949068e+01
5.415659332275390625e+01 6.067999999999948813e+01
5.458737182617187500e+01 6.079999999999948557e+01
5.500442504882812500e+01 6.091999999999948301e+01
5.544123458862304688e+01 6.103999999999948045e+01
5.587636947631835938e+01 6.115999999999947789e+01
5.630834579467773438e+01 6.127999999999947534e+01
5.674524688720703125e+01 6.139999999999947278e+01
5.718857574462890625e+01 6.151999999999947022e+01
5.766286849975585938e+01 6.163999999999946766e+01
5.811544799804687500e+01 6.175999999999946510e+01
5.949331665039062500e+01 6.187999999999946255e+01
6.033717727661132812e+01 6.199999999999945999e+01
6.120838165283203125e+01 6.211999999999945743e+01
6.208725738525390625e+01 6.223999999999945487e+01
6.287242507934570312e+01 6.235999999999945231e+01
6.347278976440429688e+01 6.247999999999944976e+01
6.381955718994140625e+01 6.259999999999944720e+01
6.406262207031250000e+01 6.271999999999944464e+01
6.426095581054687500e+01 6.283999999999944208e+01
6.441184997558593750e+01 6.295999999999943952e+01
6.467938995361328125e+01 6.307999999999943697e+01
6.501831817626953125e+01 6.319999999999943441e+01
6.545536804199218750e+01 6.331999999999943185e+01
6.611897277832031250e+01 6.343999999999942929e+01
6.686321258544921875e+01 6.355999999999942673e+01
6.760494232177734375e+01 6.367999999999942418e+01
6.838854980468750000e+01 6.379999999999942162e+01
6.899244689941406250e+01 6.391999999999941906e+01
6.949030303955078125e+01 6.403999999999942361e+01
6.972551727294921875e+01 6.415999999999942816e+01
6.987865447998046875e+01 6.427999999999943270e+01
6.996488189697265625e+01 6.439999999999943725e+01
7.011010742187500000e+01 6.451999999999944180e+01
7.032523345947265625e+01 6.463999999999944635e+01
7.058055114746093750e+01 6.475999999999945089e+01
7.094176483154296875e+01 6.487999999999945544e+01
7.142424774169921875e+01 6.499999999999945999e+01
7.200214385986328125e+01 6.511999999999946453e+01
7.261962890625000000e+01 6.523999999999946908e+01
7.322138214111328125e+01 6.535999999999947363e+01
7.372648620605468750e+01 6.547999999999947818e+01
7.415941619873046875e+01 6.559999999999948272e+01
7.446121215820312500e+01 6.571999999999948727e+01
7.462387847900390625e+01 6.583999999999949182e+01
7.468672943115234375e+01 6.595999999999949637e+01
7.479469299316406250e+01 6.607999999999950091e+01
7.493140411376953125e+01 6.619999999999950546e+01
7.522303009033203125e+01 6.631999999999951001e+01
7.561363220214843750e+01 6.643999999999951456e+01
7.606480407714843750e+01 6.655999999999951910e+01
7.649204254150390625e+01 6.667999999999952365e+01
7.683277893066406250e+01 6.679999999999952820e+01
7.704541015625000000e+01 6.691999999999953275e+01
7.714080810546875000e+01 6.703999999999953729e+01
7.716399383544921875e+01 6.715999999999954184e+01
7.723452758789062500e+01 6.727999999999954639e+01
7.725726318359375000e+01 6.739999999999955094e+01
7.742510223388671875e+01 6.751999999999955548e+01
7.771121978759765625e+01 6.763999999999956003e+01
7.815654754638671875e+01 6.775999999999956458e+01
7.862149047851562500e+01 6.787999999999956913e+01
7.895401000976562500e+01 6.799999999999957367e+01
