5.000000000000000000e+00 2.000000000000000000e+01
5.516281127929687500e+00 2.012000000000000099e+01
6.641616821289062500e+00 2.024000000000000199e+01
7.730175018310546875e+00 2.036000000000000298e+01
8.645786285400390625e+00 2.048000000000000398e+01
9.490759849548339844e+00 2.060000000000000497e+01
1.023702239990234375e+01 2.072000000000000597e+01
1.107262706756591797e+01 2.084000000000000696e+01
1.175519371032714844e+01 2.096000000000000796e+01
1.239850521087646484e+01 2.108000000000000895e+01
1.295428562164306641e+01 2.120000000000000995e+01
1.346583652496337891e+01 2.132000000000001094e+01
1.403326892852783203e+01 2.144000000000001194e+01
1.441453838348388672e+01 2.156000000000001293e+01
1.494040203094482422e+01 2.168000000000001393e+01
1.529804039001464844e+01 2.180000000000001492e+01
1.569597434997558594e+01 2.192000000000001592e+01
1.606033134460449219e+01 2.204000000000001691e+01
1.647279548645019531e+01 2.216000000000001791e+01
1.680299377441406250e+01 2.228000000000001890e+01
1.725314331054687500e+01 2.240000000000001990e+01
1.755290031433105469e+01 2.252000000000002089e+01
1.784876823425292969e+01 2.264000000000002188e+01
1.820900535583496094e+01 2.276000000000002288e+01
1.845427894592285156e+01 2.288000000000002387e+01
1.876925086975097656e+01 2.300000000000002487e+01
1.900271034240722656e+01 2.312000000000002586e+01
1.928851509094238281e+01 2.324000000000002686e+01
1.953072738647460938e+01 2.336000000000002785e+01
1.973125648498535156e+01 2.348000000000002885e+01
2.000939178466796875e+01 2.360000000000002984e+01
2.020168876647949219e+01 2.372000000000003084e+01
2.037859725952148438e+01 2.384000000000003183e+01
2.062754249572753906e+01 2.396000000000003283e+01
2.079706001281738281e+01 2.408000000000003382e+01
2.104205131530761719e+01 2.420000000000003482e+01
2.121196556091308594e+01 2.432000000000003581e+01
2.137493896484375000e+01 2.444000000000003681e+01
2.156316184997558594e+01 2.456000000000003780e+01
2.175212860107421875e+01 2.468000000000003880e+01
2.193584442138671875e+01 2.480000000000003979e+01
2.207646369934082031e+01 2.492000000000004079e+01
2.222283363342285156e+01 2.504000000000004178e+01
2.241688728332519531e+01 2.516000000000004277e+01
2.259477424621582031e+01 2.528000000000004377e+01
2.277310180664062500e+01 2.540000000000004476e+01
2.289605522155761719e+01 2.552000000000004576e+01
2.306946563720703125e+01 2.564000000000004675e+01
2.322524833679199219e+01 2.576000000000004775e+01
2.336612892150878906e+01 2.588000000000004874e+01
2.352155494689941406e+01 2.600000000000004974e+01
2.365234947204589844e+01 2.612000000000005073e+01
2.379525375366210938e+01 2.624000000000005173e+01
2.395281028747558594e+01 2.636000000000005272e+01
2.406979370117187500e+01 2.648000000000005372e+01
2.422487068176269531e+01 2.660000000000005471e+01
2.434793472290039062e+01 2.672000000000005571e+01
2.447459030151367188e+01 2.684000000000005670e+01
2.458373451232910156e+01 2.696000000000005770e+01
2.469585800170898438e+01 2.708000000000005869e+01
2.478295898437500000e+01 2.720000000000005969e+01
2.487091827392578125e+01 2.732000000000006068e+01
2.495135116577148438e+01 2.744000000000006168e+01
2.501807785034179688e+01 2.756000000000006267e+01
2.508454513549804688e+01 2.768000000000006366e+01
2.513683319091796875e+01 2.780000000000006466e+01
2.519451332092285156e+01 2.792000000000006565e+01
2.524801826477050781e+01 2.804000000000006665e+01
2.528617095947265625e+01 2.816000000000006764e+01
2.530718040466308594e+01 2.828000000000006864e+01
2.531517982482910156e+01 2.840000000000006963e+01
2.529219436645507812e+01 2.852000000000007063e+01
2.525561332702636719e+01 2.864000000000007162e+01
2.521068763732910156e+01 2.876000000000007262e+01
2.514772415161132812e+01 2.888000000000007361e+01
2.505974197387695312e+01 2.900000000000007461e+01
2.495923042297363281e+01 2.912000000000007560e+01
2.488082504272460938e+01 2.924000000000007660e+01
2.476311111450195312e+01 2.936000000000007759e+01
2.464023399353027344e+01 2.948000000000007859e+01
2.448848533630371094e+01 2.960000000000007958e+01
2.435972023010253906e+01 2.972000000000008058e+01
2.422948455810546875e+01 2.984000000000008157e+01
2.412668609619140625e+01 2.996000000000008257e+01
2.400676727294921875e+01 3.008000000000008356e+01
2.390266609191894531e+01 3.020000000000008455e+01
2.382261848449707031e+01 3.032000000000008555e+01
2.376140975952148438e+01 3.044000000000008654e+01
2.373056793212890625e+01 3.056000000000008754e+01
2.369863891601562500e+01 3.068000000000008853e+01
2.372178649902343750e+01 3.080000000000008953e+01
2.375544166564941406e+01 3.092000000000009052e+01
2.379217147827148438e+01 3.104000000000009152e+01
2.387287521362304688e+01 3.116000000000009251e+01
2.397216415405273438e+01 3.128000000000009351e+01
2.404238891601562500e+01 3.140000000000009450e+01
2.413368415832519531e+01 3.152000000000009550e+01
2.430280303955078125e+01 3.164000000000009649e+01
2.442427635192871094e+01 3.176000000000009749e+01
2.456850814819335938e+01 3.188000000000009848e+01
2.476746559143066406e+01 3.200000000000009948e+01
2.500112152099609375e+01 3.212000000000009692e+01
2.524307823181152344e+01 3.224000000000009436e+01
2.548847007751464844e+01 3.236000000000009180e+01
2.577758407592773438e+01 3.248000000000008924e+01
2.609445571899414062e+01 3.260000000000008669e+01
2.642213821411132812e+01 3.272000000000008413e+01
2.683011817932128906e+01 3.284000000000008157e+01
2.722056198120117188e+01 3.296000000000007901e+01
2.766186332702636719e+01 3.308000000000007645e+01
2.811002159118652344e+01 3.320000000000007390e+01
2.863599205017089844e+01 3.332000000000007134e+01
2.914554786682128906e+01 3.344000000000006878e+01
2.965299415588378906e+01 3.356000000000006622e+01
3.024080085754394531e+01 3.368000000000006366e+01
3.074866676330566406e+01 3.380000000000006111e+01
3.126539993286132812e+01 3.392000000000005855e+01
3.180867576599121094e+01 3.404000000000005599e+01
3.237498092651367188e+01 3.416000000000005343e+01
3.298243331909179688e+01 3.428000000000005087e+01
3.354994201660156250e+01 3.440000000000004832e+01
3.412670516967773438e+01 3.452000000000004576e+01
3.463134765625000000e+01 3.464000000000004320e+01
3.520898818969726562e+01 3.476000000000004064e+01
3.575245666503906250e+01 3.488000000000003809e+01
3.631932830810546875e+01 3.500000000000003553e+01
3.682285690307617188e+01 3.512000000000003297e+01
3.742619323730468750e+01 3.524000000000003041e+01
3.793535232543945312e+01 3.536000000000002785e+01
3.844506454467773438e+01 3.548000000000002530e+01
3.900695037841796875e+01 3.560000000000002274e+01
3.951494979858398438e+01 3.572000000000002018e+01
4.000572204589843750e+01 3.584000000000001762e+01
4.052027130126953125e+01 3.596000000000001506e+01
4.100238037109375000e+01 3.608000000000001251e+01
4.147447586059570312e+01 3.620000000000000995e+01
4.191934204101562500e+01 3.632000000000000739e+01
4.234888839721679688e+01 3.644000000000000483e+01
4.283869171142578125e+01 3.656000000000000227e+01
4.337657928466796875e+01 3.667999999999999972e+01
4.381599426269531250e+01 3.679999999999999716e+01
4.427333068847656250e+01 3.691999999999999460e+01
4.471174240112304688e+01 3.703999999999999204e+01
4.509333419799804688e+01 3.715999999999998948e+01
4.551416778564453125e+01 3.727999999999998693e+01
4.593527984619140625e+01 3.739999999999998437e+01
4.628021240234375000e+01 3.751999999999998181e+01
4.665166473388671875e+01 3.763999999999997925e+01
4.701733779907226562e+01 3.775999999999997669e+01
4.731679916381835938e+01 3.787999999999997414e+01
4.764496612548828125e+01 3.799999999999997158e+01
4.793349456787109375e+01 3.811999999999996902e+01
4.816765975952148438e+01 3.823999999999996646e+01
4.846080780029296875e+01 3.835999999999996390e+01
4.873710250854492188e+01 3.847999999999996135e+01
4.895026016235351562e+01 3.859999999999995879e+01
4.913829421997070312e+01 3.871999999999995623e+01
4.933276367187500000e+01 3.883999999999995367e+01
4.949798202514648438e+01 3.895999999999995111e+01
4.966927719116210938e+01 3.907999999999994856e+01
4.981410980224609375e+01 3.919999999999994600e+01
4.985164260864257812e+01 3.931999999999994344e+01
4.992854309082031250e+01 3.943999999999994088e+01
4.997522735595703125e+01 3.955999999999993832e+01
5.001417922973632812e+01 3.967999999999993577e+01
5.004832839965820312e+01 3.979999999999993321e+01
5.005211639404296875e+01 3.991999999999993065e+01
5.007266235351562500e+01 4.003999999999992809e+01
5.003359985351562500e+01 4.015999999999992554e+01
5.001796722412109375e+01 4.027999999999992298e+01
5.000909805297851562e+01 4.039999999999992042e+01
5.000547790527343750e+01 4.051999999999991786e+01
5.000926971435546875e+01 4.063999999999991530e+01
5.002978134155273438e+01 4.075999999999991275e+01
5.000959777832031250e+01 4.087999999999991019e+01
4.995217514038085938e+01 4.099999999999990763e+01
4.990995407104492188e+01 4.111999999999990507e+01
4.983746719360351562e+01 4.123999999999990251e+01
4.976647567749023438e+01 4.135999999999989996e+01
4.965975189208984375e+01 4.147999999999989740e+01
4.955194854736328125e+01 4.159999999999989484e+01
4.947114944458007812e+01 4.171999999999989228e+01
4.939451599121093750e+01 4.183999999999988972e+01
4.925525283813476562e+01 4.195999999999988717e+01
4.913407516479492188e+01 4.207999999999988461e+01
4.899407577514648438e+01 4.219999999999988205e+01
4.884537124633789062e+01 4.231999999999987949e+01
4.869961547851562500e+01 4.243999999999987693e+01
4.856333160400390625e+01 4.255999999999987438e+01
4.835532760620117188e+01 4.267999999999987182e+01
4.813981628417968750e+01 4.279999999999986926e+01
4.792792510986328125e+01 4.291999999999986670e+01
4.774400329589843750e+01 4.303999999999986414e+01
4.752694320678710938e+01 4.315999999999986159e+01
4.735359954833984375e+01 4.327999999999985903e+01
4.714146423339843750e+01 4.339999999999985647e+01
4.689463424682617188e+01 4.351999999999985391e+01
4.665103530883789062e+01 4.363999999999985135e+01
4.636433029174804688e+01 4.375999999999984880e+01
4.608170700073242188e+01 4.387999999999984624e+01
4.585436248779296875e+01 4.399999999999984368e+01
4.559726333618164062e+01 4.411999999999984112e+01
4.529488372802734375e+01 4.423999999999983856e+01
4.502897644042968750e+01 4.435999999999983601e+01
4.475570297241210938e+01 4.447999999999983345e+01
4.443997955322265625e+01 4.459999999999983089e+01
4.417275619506835938e+01 4.471999999999982833e+01
4.386915969848632812e+01 4.483999999999982577e+01
4.358472061157226562e+01 4.495999999999982322e+01
4.330722427368164062e+01 4.507999999999982066e+01
4.303477859497070312e+01 4.519999999999981810e+01
4.277903747558593750e+01 4.531999999999981554e+01
4.250959014892578125e+01 4.543999999999981299e+01
4.222949600219726562e+01 4.555999999999981043e+01
4.194880676269531250e+01 4.567999999999980787e+01
4.169506835937500000e+01 4.579999999999980531e+01
4.142661666870117188e+01 4.591999999999980275e+01
4.115914154052734375e+01 4.603999999999980020e+01
4.087794876098632812e+01 4.615999999999979764e+01
4.062659454345703125e+01 4.627999999999979508e+01
4.037003707885742188e+01 4.639999999999979252e+01
4.014422225952148438e+01 4.651999999999978996e+01
3.993972015380859375e+01 4.663999999999978741e+01
3.973519134521484375e+01 4.675999999999978485e+01
3.948421478271484375e+01 4.687999999999978229e+01
3.926608657836914062e+01 4.699999999999977973e+01
3.906849288940429688e+01 4.711999999999977717e+01
3.886764907836914062e+01 4.723999999999977462e+01
3.871914291381835938e+01 4.735999999999977206e+01
3.854219436645507812e+01 4.747999999999976950e+01
3.837947845458984375e+01 4.759999999999976694e+01
3.828206253051757812e+01 4.771999999999976438e+01
3.810729598999023438e+01 4.783999999999976183e+01
3.796446228027343750e+01 4.795999999999975927e+01
3.784496307373046875e+01 4.807999999999975671e+01
3.773068618774414062e+01 4.819999999999975415e+01
3.763702774047851562e+01 4.831999999999975159e+01
3.758174514770507812e+01 4.843999999999974904e+01
3.747347259521484375e+01 4.855999999999974648e+01
3.733768844604492188e+01 4.867999999999974392e+01
3.721925735473632812e+01 4.879999999999974136e+01
3.714884948730468750e+01 4.891999999999973880e+01
3.710449218750000000e+01 4.903999999999973625e+01
3.702186965942382812e+01 4.915999999999973369e+01
3.700252532958984375e+01 4.927999999999973113e+01
3.695278930664062500e+01 4.939999999999972857e+01
3.690296554565429688e+01 4.951999999999972601e+01
3.686055374145507812e+01 4.963999999999972346e+01
3.686194992065429688e+01 4.975999999999972090e+01
3.691548538208007812e+01 4.987999999999971834e+01
3.691579818725585938e+01 4.999999999999971578e+01
3.697469711303710938e+01 5.011999999999971322e+01
3.702140426635742188e+01 5.023999999999971067e+01
3.705160140991210938e+01 5.035999999999970811e+01
3.712881851196289062e+01 5.047999999999970555e+01
3.717239379882812500e+01 5.059999999999970299e+01
3.725419235229492188e+01 5.071999999999970044e+01
3.738134765625000000e+01 5.083999999999969788e+01
3.751248168945312500e+01 5.095999999999969532e+01
3.761089706420898438e+01 5.107999999999969276e+01
3.775022888183593750e+01 5.119999999999969020e+01
3.791656112670898438e+01 5.131999999999968765e+01
3.809038162231445312e+01 5.143999999999968509e+01
3.829584884643554688e+01 5.155999999999968253e+01
3.850759887695312500e+01 5.167999999999967997e+01
3.872437667846679688e+01 5.179999999999967741e+01
3.894018936157226562e+01 5.191999999999967486e+01
3.917280960083007812e+01 5.203999999999967230e+01
3.940806579589843750e+01 5.215999999999966974e+01
3.966393661499023438e+01 5.227999999999966718e+01
3.988997268676757812e+01 5.239999999999966462e+01
4.013299179077148438e+01 5.251999999999966207e+01
4.039221954345703125e+01 5.263999999999965951e+01
4.063220596313476562e+01 5.275999999999965695e+01
4.089277267456054688e+01 5.287999999999965439e+01
4.117317962646484375e+01 5.299999999999965183e+01
4.150251770019531250e+01 5.311999999999964928e+01
4.181893539428710938e+01 5.323999999999964672e+01
4.208440780639648438e+01 5.335999999999964416e+01
4.239414215087890625e+01 5.347999999999964160e+01
4.266444778442382812e+01 5.359999999999963904e+01
4.299733352661132812e+01 5.371999999999963649e+01
4.333050155639648438e+01 5.383999999999963393e+01
4.368180084228515625e+01 5.395999999999963137e+01
4.401553344726562500e+01 5.407999999999962881e+01
4.436063385009765625e+01 5.419999999999962625e+01
4.468758773803710938e+01 5.431999999999962370e+01
4.506891632080078125e+01 5.443999999999962114e+01
4.542864608764648438e+01 5.455999999999961858e+01
4.582600784301757812e+01 5.467999999999961602e+01
4.620911026000976562e+01 5.479999999999961346e+01
4.658703231811523438e+01 5.491999999999961091e+01
4.699753952026367188e+01 5.503999999999960835e+01
4.736466979980468750e+01 5.515999999999960579e+01
4.777494430541992188e+01 5.527999999999960323e+01
4.817907333374023438e+01 5.539999999999960067e+01
4.857823181152343750e+01 5.551999999999959812e+01
4.894393157958984375e+01 5.563999999999959556e+01
4.935127258300781250e+01 5.575999999999959300e+01
4.975995635986328125e+01 5.587999999999959044e+01
5.018880844116210938e+01 5.599999999999958789e+01
5.061100769042968750e+01 5.611999999999958533e+01
5.103463745117187500e+01 5.623999999999958277e+01
5.142185211181640625e+01 5.635999999999958021e+01
5.182664108276367188e+01 5.647999999999957765e+01
5.226133728027343750e+01 5.659999999999957510e+01
5.270388412475585938e+01 5.671999999999957254e+01
5.314903259277343750e+01 5.683999999999956998e+01
5.354815292358398438e+01 5.695999999999956742e+01
5.402303695678710938e+01 5.707999999999956486e+01
5.444588470458984375e+01 5.719999999999956231e+01
5.494002914428710938e+01 5.731999999999955975e+01
5.540600585937500000e+01 5.743999999999955719e+01
5.593537139892578125e+01 5.755999999999955463e+01
5.642456436157226562e+01 5.767999999999955207e+01
5.682223129272460938e+01 5.779999999999954952e+01
5.729734039306640625e+01 5.791999999999954696e+01
5.778918075561523438e+01 5.803999999999954440e+01
5.830060195922851562e+01 5.815999999999954184e+01
5.882447052001953125e+01 5.827999999999953928e+01
5.928762054443359375e+01 5.839999999999953673e+01
5.973090362548828125e+01 5.851999999999953417e+01
6.015816879272460938e+01 5.863999999999953161e+01
6.058163833618164062e+01 5.875999999999952905e+01
6.105038833618164062e+01 5.887999999999952649e+01
6.151084899902343750e+01 5.899999999999952394e+01
6.194525527954101562e+01 5.911999999999952138e+01
6.243444824218750000e+01 5.923999999999951882e+01
6.284560394287109375e+01 5.935999999999951626e+01
6.333013534545898438e+01 5.947999999999951370e+01
6.375921249389648438e+01 5.959999999999951115e+01
6.422826385498046875e+01 5.971999999999950859e+01
6.464148712158203125e+01 5.983999999999950603e+01
6.505033111572265625e+01 5.995999999999950347e+01
6.548819732666015625e+01 6.007999999999950091e+01
6.587049102783203125e+01 6.019999999999949836e+01
6.624066162109375000e+01 6.031999999999949580e+01
6.660166168212890625e+01 6.043999999999949324e+01
6.695551300048828125e+01 6.055999999999949068e+01
6.727028656005859375e+01 6.067999999999948813e+01
6.753738403320312500e+01 6.079999999999948557e+01
6.784413909912109375e+01 6.091999999999948301e+01
6.813220214843750000e+01 6.103999999999948045e+01
6.836293792724609375e+01 6.115999999999947789e+01
6.857380676269531250e+01 6.127999999999947534e+01
6.887211608886718750e+01 6.139999999999947278e+01
6.914555358886718750e+01 6.151999999999947022e+01
6.941817474365234375e+01 6.163999999999946766e+01
6.963600921630859375e+01 6.175999999999946510e+01
6.983998107910156250e+01 6.187999999999946255e+01
7.013931274414062500e+01 6.199999999999945999e+01
7.038381958007812500e+01 6.211999999999945743e+01
7.067503356933593750e+01 6.223999999999945487e+01
7.097841644287109375e+01 6.235999999999945231e+01
7.116221618652343750e+01 6.247999999999944976e+01
7.130041503906250000e+01 6.259999999999944720e+01
7.149748229980468750e+01 6.271999999999944464e+01
7.168379211425781250e+01 6.283999999999944208e+01
7.185161590576171875e+01 6.295999999999943952e+01
7.199501037597656250e+01 6.307999999999943697e+01
7.218849945068359375e+01 6.319999999999943441e+01
7.234838867187500000e+01 6.331999999999943185e+01
7.239965820312500000e+01 6.343999999999942929e+01
7.241305541992187500e+01 6.355999999999942673e+01
7.247904205322265625e+01 6.367999999999942418e+01
7.247080230712890625e+01 6.379999999999942162e+01
7.248271179199218750e+01 6.391999999999941906e+01
7.244362640380859375e+01 6.403999999999942361e+01
7.244606018066406250e+01 6.415999999999942816e+01
7.240625000000000000e+01 6.427999999999943270e+01
7.231953430175781250e+01 6.439999999999943725e+01
7.230939483642578125e+01 6.451999999999944180e+01
7.219198608398437500e+01 6.463999999999944635e+01
7.215151977539062500e+01 6.475999999999945089e+01
7.210398864746093750e+01 6.487999999999945544e+01
7.196169281005859375e+01 6.499999999999945999e+01
7.178021240234375000e+01 6.511999999999946453e+01
7.166512298583984375e+01 6.523999999999946908e+01
7.148223876953125000e+01 6.535999999999947363e+01
7.132713317871093750e+01 6.547999999999947818e+01
7.116062927246093750e+01 6.559999999999948272e+01
7.095608520507812500e+01 6.571999999999948727e+01
7.066533660888671875e+01 6.583999999999949182e+01
7.051757049560546875e+01 6.595999999999949637e+01
7.021062469482421875e+01 6.607999999999950091e+01
6.993741607666015625e+01 6.619999999999950546e+01
6.965453338623046875e+01 6.631999999999951001e+01
6.941293334960937500e+01 6.643999999999951456e+01
6.913589477539062500e+01 6.655999999999951910e+01
6.885413360595703125e+01 6.667999999999952365e+01
6.857530212402343750e+01 6.679999999999952820e+01
6.824465942382812500e+01 6.691999999999953275e+01
6.799856567382812500e+01 6.703999999999953729e+01
6.775641632080078125e+01 6.715999999999954184e+01
6.752748107910156250e+01 6.727999999999954639e+01
6.719433593750000000e+01 6.739999999999955094e+01
6.681539154052734375e+01 6.751999999999955548e+01
6.640147399902343750e+01 6.763999999999956003e+01
6.604202270507812500e+01 6.775999999999956458e+01
6.580208587646484375e+01 6.787999999999956913e+01
6.556401062011718750e+01 6.799999999999957367e+01
