5.000000000000000000e+00 2.000000000000000000e+01
5.500445842742919922e+00 2.012000000000000099e+01
6.530529975891113281e+00 2.024000000000000199e+01
7.952212333679199219e+00 2.036000000000000298e+01
9.267389297485351562e+00 2.048000000000000398e+01
1.026561260223388672e+01 2.060000000000000497e+01
1.100483512878417969e+01 2.072000000000000597e+01
1.142268943786621094e+01 2.084000000000000696e+01
1.155817890167236328e+01 2.096000000000000796e+01
1.140803337097167969e+01 2.108000000000000895e+01
1.143142356872558594e+01 2.120000000000000995e+01
1.155114841461181641e+01 2.132000000000001094e+01
1.164201641082763672e+01 2.144000000000001194e+01
1.172244606018066406e+01 2.156000000000001293e+01
1.186052474975585938e+01 2.168000000000001393e+01
1.191761703491210938e+01 2.180000000000001492e+01
1.204282054901123047e+01 2.192000000000001592e+01
1.217357635498046875e+01 2.204000000000001691e+01
1.236755409240722656e+01 2.216000000000001791e+01
1.258365058898925781e+01 2.228000000000001890e+01
1.297744560241699219e+01 2.240000000000001990e+01
1.315269374847412109e+01 2.252000000000002089e+01
1.319079780578613281e+01 2.264000000000002188e+01
1.317445755004882812e+01 2.276000000000002288e+01
1.318698024749755859e+01 2.288000000000002387e+01
1.327784347534179688e+01 2.300000000000002487e+01
1.347611713409423828e+01 2.312000000000002586e+01
1.378798866271972656e+01 2.324000000000002686e+01
1.422150421142578125e+01 2.336000000000002785e+01
1.474733924865722656e+01 2.348000000000002885e+01
1.531518173217773438e+01 2.360000000000002984e+01
1.586851787567138672e+01 2.372000000000003084e+01
1.636119079589843750e+01 2.384000000000003183e+01
1.680972671508789062e+01 2.396000000000003283e+01
1.720908164978027344e+01 2.408000000000003382e+01
1.760651016235351562e+01 2.420000000000003482e+01
1.800667572021484375e+01 2.432000000000003581e+01
1.839199638366699219e+01 2.444000000000003681e+01
1.876541900634765625e+01 2.456000000000003780e+01
1.917026329040527344e+01 2.468000000000003880e+01
1.960049819946289062e+01 2.480000000000003979e+01
2.005899810791015625e+01 2.492000000000004079e+01
2.054597473144531250e+01 2.504000000000004178e+01
2.105726814270019531e+01 2.516000000000004277e+01
2.157298660278320312e+01 2.528000000000004377e+01
2.208229637145996094e+01 2.540000000000004476e+01
2.258841705322265625e+01 2.552000000000004576e+01
2.308912849426269531e+01 2.564000000000004675e+01
2.355207252502441406e+01 2.576000000000004775e+01
2.402754783630371094e+01 2.588000000000004874e+01
2.449535560607910156e+01 2.600000000000004974e+01
2.498809623718261719e+01 2.612000000000005073e+01
2.550767517089843750e+01 2.624000000000005173e+01
2.603765869140625000e+01 2.636000000000005272e+01
2.653967666625976562e+01 2.648000000000005372e+01
2.705588150024414062e+01 2.660000000000005471e+01
2.761534500122070312e+01 2.672000000000005571e+01
2.818910598754882812e+01 2.684000000000005670e+01
2.875251388549804688e+01 2.696000000000005770e+01
2.929084014892578125e+01 2.708000000000005869e+01
2.975621414184570312e+01 2.720000000000005969e+01
3.022795295715332031e+01 2.732000000000006068e+01
3.072890853881835938e+01 2.744000000000006168e+01
3.125208473205566406e+01 2.756000000000006267e+01
3.180954551696777344e+01 2.768000000000006366e+01
3.236800765991210938e+01 2.780000000000006466e+01
3.286086654663085938e+01 2.792000000000006565e+01
3.334838485717773438e+01 2.804000000000006665e+01
3.384943008422851562e+01 2.816000000000006764e+01
3.435877609252929688e+01 2.828000000000006864e+01
3.486634063720703125e+01 2.840000000000006963e+01
3.532406234741210938e+01 2.852000000000007063e+01
3.579826736450195312e+01 2.864000000000007162e+01
3.625864028930664062e+01 2.876000000000007262e+01
3.672357177734375000e+01 2.888000000000007361e+01
3.716661834716796875e+01 2.900000000000007461e+01
3.763788223266601562e+01 2.912000000000007560e+01
3.814093399047851562e+01 2.924000000000007660e+01
3.866931152343750000e+01 2.936000000000007759e+01
3.912724304199218750e+01 2.948000000000007859e+01
3.947862243652343750e+01 2.960000000000007958e+01
3.978866195678710938e+01 2.972000000000008058e+01
4.006484603881835938e+01 2.984000000000008157e+01
4.035213088989257812e+01 2.996000000000008257e+01
4.072711181640625000e+01 3.008000000000008356e+01
4.109122467041015625e+01 3.020000000000008455e+01
4.142100143432617188e+01 3.032000000000008555e+01
4.166467285156250000e+01 3.044000000000008654e+01
4.191938400268554688e+01 3.056000000000008754e+01
4.218212127685546875e+01 3.068000000000008853e+01
4.246705627441406250e+01 3.080000000000008953e+01
4.272711563110351562e+01 3.092000000000009052e+01
4.294234466552734375e+01 3.104000000000009152e+01
4.312652206420898438e+01 3.116000000000009251e+01
4.329326248168945312e+01 3.128000000000009351e+01
4.347487640380859375e+01 3.140000000000009450e+01
4.363806152343750000e+01 3.152000000000009550e+01
4.384070205688476562e+01 3.164000000000009649e+01
4.401668548583984375e+01 3.176000000000009749e+01
4.419251251220703125e+01 3.188000000000009848e+01
4.432569122314453125e+01 3.200000000000009948e+01
4.443295669555664062e+01 3.212000000000009692e+01
4.452975082397460938e+01 3.224000000000009436e+01
4.462580490112304688e+01 3.236000000000009180e+01
4.465661239624023438e+01 3.248000000000008924e+01
4.466957473754882812e+01 3.260000000000008669e+01
4.472115325927734375e+01 3.272000000000008413e+01
4.473138809204101562e+01 3.284000000000008157e+01
4.472853851318359375e+01 3.296000000000007901e+01
4.471467590332031250e+01 3.308000000000007645e+01
4.469173049926757812e+01 3.320000000000007390e+01
4.469672012329101562e+01 3.332000000000007134e+01
4.470927047729492188e+01 3.344000000000006878e+01
4.471928787231445312e+01 3.356000000000006622e+01
4.465793609619140625e+01 3.368000000000006366e+01
4.462310409545898438e+01 3.380000000000006111e+01
4.456287002563476562e+01 3.392000000000005855e+01
4.447884368896484375e+01 3.404000000000005599e+01
4.445452117919921875e+01 3.416000000000005343e+01
4.441026687622070312e+01 3.428000000000005087e+01
4.433764266967773438e+01 3.440000000000004832e+01
4.421624374389648438e+01 3.452000000000004576e+01
4.410110855102539062e+01 3.464000000000004320e+01
4.393690872192382812e+01 3.476000000000004064e+01
4.380905532836914062e+01 3.488000000000003809e+01
4.370703125000000000e+01 3.500000000000003553e+01
4.351365661621093750e+01 3.512000000000003297e+01
4.329248046875000000e+01 3.524000000000003041e+01
4.310959625244140625e+01 3.536000000000002785e+01
4.298320388793945312e+01 3.548000000000002530e+01
4.285491561889648438e+01 3.560000000000002274e+01
4.267337799072265625e+01 3.572000000000002018e+01
4.244399261474609375e+01 3.584000000000001762e+01
4.221448135375976562e+01 3.596000000000001506e+01
4.199069976806640625e+01 3.608000000000001251e+01
4.180221939086914062e+01 3.620000000000000995e+01
4.157923889160156250e+01 3.632000000000000739e+01
4.126489639282226562e+01 3.644000000000000483e+01
4.098979949951171875e+01 3.656000000000000227e+01
4.074568557739257812e+01 3.667999999999999972e+01
4.052309799194335938e+01 3.679999999999999716e+01
4.034951400756835938e+01 3.691999999999999460e+01
4.016988754272460938e+01 3.703999999999999204e+01
3.997391891479492188e+01 3.715999999999998948e+01
3.977194976806640625e+01 3.727999999999998693e+01
3.950517272949218750e+01 3.739999999999998437e+01
3.921825790405273438e+01 3.751999999999998181e+01
3.891886901855468750e+01 3.763999999999997925e+01
3.865145111083984375e+01 3.775999999999997669e+01
3.841756820678710938e+01 3.787999999999997414e+01
3.824140548706054688e+01 3.799999999999997158e+01
3.800506973266601562e+01 3.811999999999996902e+01
3.771347427368164062e+01 3.823999999999996646e+01
3.739770126342773438e+01 3.835999999999996390e+01
3.710031890869140625e+01 3.847999999999996135e+01
3.682454299926757812e+01 3.859999999999995879e+01
3.663274002075195312e+01 3.871999999999995623e+01
3.642729187011718750e+01 3.883999999999995367e+01
3.620814514160156250e+01 3.895999999999995111e+01
3.596822738647460938e+01 3.907999999999994856e+01
3.576181793212890625e+01 3.919999999999994600e+01
3.550749206542968750e+01 3.931999999999994344e+01
3.522455596923828125e+01 3.943999999999994088e+01
3.494738006591796875e+01 3.955999999999993832e+01
3.470293045043945312e+01 3.967999999999993577e+01
3.441287994384765625e+01 3.979999999999993321e+01
3.410324096679687500e+01 3.991999999999993065e+01
3.378859710693359375e+01 4.003999999999992809e+01
3.348775100708007812e+01 4.015999999999992554e+01
3.328072357177734375e+01 4.027999999999992298e+01
3.309327316284179688e+01 4.039999999999992042e+01
3.296847152709960938e+01 4.051999999999991786e+01
3.283427810668945312e+01 4.063999999999991530e+01
3.268107604980468750e+01 4.075999999999991275e+01
3.254215240478515625e+01 4.087999999999991019e+01
3.248107147216796875e+01 4.099999999999990763e+01
3.240782546997070312e+01 4.111999999999990507e+01
3.231021499633789062e+01 4.123999999999990251e+01
3.218275070190429688e+01 4.135999999999989996e+01
3.207460784912109375e+01 4.147999999999989740e+01
3.195197296142578125e+01 4.159999999999989484e+01
3.183499717712402344e+01 4.171999999999989228e+01
3.172282981872558594e+01 4.183999999999988972e+01
3.159520721435546875e+01 4.195999999999988717e+01
3.150534057617187500e+01 4.207999999999988461e+01
3.139892005920410156e+01 4.219999999999988205e+01
3.134320449829101562e+01 4.231999999999987949e+01
3.129423904418945312e+01 4.243999999999987693e+01
3.127036666870117188e+01 4.255999999999987438e+01
3.125837326049804688e+01 4.267999999999987182e+01
3.123853302001953125e+01 4.279999999999986926e+01
3.123490333557128906e+01 4.291999999999986670e+01
3.129001235961914062e+01 4.303999999999986414e+01
3.130703926086425781e+01 4.315999999999986159e+01
3.131817817687988281e+01 4.327999999999985903e+01
3.130661392211914062e+01 4.339999999999985647e+01
3.128915405273437500e+01 4.351999999999985391e+01
3.132342338562011719e+01 4.363999999999985135e+01
3.139423370361328125e+01 4.375999999999984880e+01
3.151626205444335938e+01 4.387999999999984624e+01
3.166629791259765625e+01 4.399999999999984368e+01
3.182417297363281250e+01 4.411999999999984112e+01
3.200818252563476562e+01 4.423999999999983856e+01
3.215595245361328125e+01 4.435999999999983601e+01
3.230966567993164062e+01 4.447999999999983345e+01
3.249835968017578125e+01 4.459999999999983089e+01
3.271849822998046875e+01 4.471999999999982833e+01
3.297266769409179688e+01 4.483999999999982577e+01
3.323098754882812500e+01 4.495999999999982322e+01
3.353096771240234375e+01 4.507999999999982066e+01
3.380215072631835938e+01 4.519999999999981810e+01
3.403459548950195312e+01 4.531999999999981554e+01
3.428322982788085938e+01 4.543999999999981299e+01
3.449691009521484375e+01 4.555999999999981043e+01
3.473706436157226562e+01 4.567999999999980787e+01
3.498529434204101562e+01 4.579999999999980531e+01
3.529933166503906250e+01 4.591999999999980275e+01
3.562398147583007812e+01 4.603999999999980020e+01
3.595257949829101562e+01 4.615999999999979764e+01
3.625820159912109375e+01 4.627999999999979508e+01
3.656422042846679688e+01 4.639999999999979252e+01
3.687951660156250000e+01 4.651999999999978996e+01
3.717826461791992188e+01 4.663999999999978741e+01
3.751942062377929688e+01 4.675999999999978485e+01
3.790713882446289062e+01 4.687999999999978229e+01
3.834044265747070312e+01 4.699999999999977973e+01
3.880326843261718750e+01 4.711999999999977717e+01
3.931746292114257812e+01 4.723999999999977462e+01
3.982276916503906250e+01 4.735999999999977206e+01
4.030840682983398438e+01 4.747999999999976950e+01
4.078073883056640625e+01 4.759999999999976694e+01
4.115877151489257812e+01 4.771999999999976438e+01
4.152456283569335938e+01 4.783999999999976183e+01
4.184869384765625000e+01 4.795999999999975927e+01
4.218345260620117188e+01 4.807999999999975671e+01
4.252282714843750000e+01 4.819999999999975415e+01
4.285352325439453125e+01 4.831999999999975159e+01
4.324849319458007812e+01 4.843999999999974904e+01
4.372423934936523438e+01 4.855999999999974648e+01
4.425084304809570312e+01 4.867999999999974392e+01
4.476977920532226562e+01 4.879999999999974136e+01
4.529236984252929688e+01 4.891999999999973880e+01
4.578644180297851562e+01 4.903999999999973625e+01
4.632661437988281250e+01 4.915999999999973369e+01
4.687479400634765625e+01 4.927999999999973113e+01
4.745246505737304688e+01 4.939999999999972857e+01
4.798948669433593750e+01 4.951999999999972601e+01
4.850377273559570312e+01 4.963999999999972346e+01
4.899748229980468750e+01 4.975999999999972090e+01
4.953261566162109375e+01 4.987999999999971834e+01
5.007179260253906250e+01 4.999999999999971578e+01
5.057025146484375000e+01 5.011999999999971322e+01
5.097381591796875000e+01 5.023999999999971067e+01
5.136081695556640625e+01 5.035999999999970811e+01
5.177669143676757812e+01 5.047999999999970555e+01
5.221248245239257812e+01 5.059999999999970299e+01
5.263292312622070312e+01 5.071999999999970044e+01
5.305266571044921875e+01 5.083999999999969788e+01
5.353726577758789062e+01 5.095999999999969532e+01
5.407958221435546875e+01 5.107999999999969276e+01
5.463089752197265625e+01 5.119999999999969020e+01
5.520053482055664062e+01 5.131999999999968765e+01
5.581049346923828125e+01 5.143999999999968509e+01
5.637184524536132812e+01 5.155999999999968253e+01
5.683346176147460938e+01 5.167999999999967997e+01
5.720200729370117188e+01 5.179999999999967741e+01
5.757753372192382812e+01 5.191999999999967486e+01
5.793158721923828125e+01 5.203999999999967230e+01
5.829519271850585938e+01 5.215999999999966974e+01
5.864946365356445312e+01 5.227999999999966718e+01
5.905688476562500000e+01 5.239999999999966462e+01
5.946490859985351562e+01 5.251999999999966207e+01
5.989771270751953125e+01 5.263999999999965951e+01
6.044371795654296875e+01 5.275999999999965695e+01
6.099246215820312500e+01 5.287999999999965439e+01
6.150304031372070312e+01 5.299999999999965183e+01
6.195346832275390625e+01 5.311999999999964928e+01
6.234843826293945312e+01 5.323999999999964672e+01
6.267505645751953125e+01 5.335999999999964416e+01
6.294628906250000000e+01 5.347999999999964160e+01
6.319880294799804688e+01 5.359999999999963904e+01
6.346283721923828125e+01 5.371999999999963649e+01
6.369292068481445312e+01 5.383999999999963393e+01
6.395526885986328125e+01 5.395999999999963137e+01
6.429449462890625000e+01 5.407999999999962881e+01
6.460491180419921875e+01 5.419999999999962625e+01
6.497570800781250000e+01 5.431999999999962370e+01
6.538133239746093750e+01 5.443999999999962114e+01
6.575967407226562500e+01 5.455999999999961858e+01
6.606591033935546875e+01 5.467999999999961602e+01
6.629129791259765625e+01 5.479999999999961346e+01
6.641580200195312500e+01 5.491999999999961091e+01
6.642606353759765625e+01 5.503999999999960835e+01
6.638008880615234375e+01 5.515999999999960579e+01
6.636775207519531250e+01 5.527999999999960323e+01
6.646250152587890625e+01 5.539999999999960067e+01
6.665191650390625000e+01 5.551999999999959812e+01
6.685288238525390625e+01 5.563999999999959556e+01
6.714308166503906250e+01 5.575999999999959300e+01
6.742154693603515625e+01 5.587999999999959044e+01
6.765856170654296875e+01 5.599999999999958789e+01
6.780243682861328125e+01 5.611999999999958533e+01
6.781292724609375000e+01 5.623999999999958277e+01
6.782559967041015625e+01 5.635999999999958021e+01
6.776301574707031250e+01 5.647999999999957765e+01
6.770464324951171875e+01 5.659999999999957510e+01
6.772474670410156250e+01 5.671999999999957254e+01
6.785272216796875000e+01 5.683999999999956998e+01
6.807399749755859375e+01 5.695999999999956742e+01
6.833734130859375000e+01 5.707999999999956486e+01
6.855743408203125000e+01 5.719999999999956231e+01
6.861535644531250000e+01 5.731999999999955975e+01
6.860240173339843750e+01 5.743999999999955719e+01
6.854292297363281250e+01 5.755999999999955463e+01
6.841790008544921875e+01 5.767999999999955207e+01
6.821298217773437500e+01 5.779999999999954952e+01
6.791175842285156250e+01 5.791999999999954696e+01
6.771685028076171875e+01 5.803999999999954440e+01
6.759342193603515625e+01 5.815999999999954184e+01
6.759873199462890625e+01 5.827999999999953928e+01
6.759985351562500000e+01 5.839999999999953673e+01
6.757468414306640625e+01 5.851999999999953417e+01
6.745106506347656250e+01 5.863999999999953161e+01
6.726092529296875000e+01 5.875999999999952905e+01
6.701655578613281250e+01 5.887999999999952649e+01
6.675202178955078125e+01 5.899999999999952394e+01
6.660652160644531250e+01 5.911999999999952138e+01
6.645028686523437500e+01 5.923999999999951882e+01
6.624202728271484375e+01 5.935999999999951626e+01
6.601606750488281250e+01 5.947999999999951370e+01
6.578002166748046875e+01 5.959999999999951115e+01
6.552637481689453125e+01 5.971999999999950859e+01
6.534793853759765625e+01 5.983999999999950603e+01
6.520034790039062500e+01 5.995999999999950347e+01
6.512300109863281250e+01 6.007999999999950091e+01
6.502312469482421875e+01 6.019999999999949836e+01
6.498411560058593750e+01 6.031999999999949580e+01
6.492635345458984375e+01 6.043999999999949324e+01
6.487012481689453125e+01 6.055999999999949068e+01
6.466197967529296875e+01 6.067999999999948813e+01
6.440892791748046875e+01 6.079999999999948557e+01
6.421401214599609375e+01 6.091999999999948301e+01
6.403711700439453125e+01 6.103999999999948045e+01
6.377883911132812500e+01 6.115999999999947789e+01
6.348204040527343750e+01 6.127999999999947534e+01
6.304841613769531250e+01 6.139999999999947278e+01
6.266504287719726562e+01 6.151999999999947022e+01
6.228339385986328125e+01 6.163999999999946766e+01
6.189575958251953125e+01 6.175999999999946510e+01
6.164414978027343750e+01 6.187999999999946255e+01
6.150947570800781250e+01 6.199999999999945999e+01
6.138031387329101562e+01 6.211999999999945743e+01
6.124568176269531250e+01 6.223999999999945487e+01
6.120220184326171875e+01 6.235999999999945231e+01
6.111872482299804688e+01 6.247999999999944976e+01
6.098952865600585938e+01 6.259999999999944720e+01
6.073548889160156250e+01 6.271999999999944464e+01
6.037847137451171875e+01 6.283999999999944208e+01
5.993651962280273438e+01 6.295999999999943952e+01
5.941434860229492188e+01 6.307999999999943697e+01
5.899771881103515625e+01 6.319999999999943441e+01
5.855983352661132812e+01 6.331999999999943185e+01
5.809341430664062500e+01 6.343999999999942929e+01
5.781495666503906250e+01 6.355999999999942673e+01
5.764002227783203125e+01 6.367999999999942418e+01
5.756052398681640625e+01 6.379999999999942162e+01
5.755102157592773438e+01 6.391999999999941906e+01
5.752136993408203125e+01 6.403999999999942361e+01
5.749924087524414062e+01 6.415999999999942816e+01
5.740169906616210938e+01 6.427999999999943270e+01
5.726141357421875000e+01 6.439999999999943725e+01
5.700665664672851562e+01 6.451999999999944180e+01
5.672076797485351562e+01 6.463999999999944635e+01
5.641657638549804688e+01 6.475999999999945089e+01
5.620191574096679688e+01 6.487999999999945544e+01
5.603247451782226562e+01 6.499999999999945999e+01
5.595384597778320312e+01 6.511999999999946453e+01
5.584515762329101562e+01 6.523999999999946908e+01
5.579790115356445312e+01 6.535999999999947363e+01
5.576195526123046875e+01 6.547999999999947818e+01
5.564986419677734375e+01 6.559999999999948272e+01
5.550851058959960938e+01 6.571999999999948727e+01
5.532353973388671875e+01 6.583999999999949182e+01
5.521552658081054688e+01 6.595999999999949637e+01
5.515065002441406250e+01 6.607999999999950091e+01
5.505417251586914062e+01 6.619999999999950546e+01
5.504261398315429688e+01 6.631999999999951001e+01
5.494148635864257812e+01 6.643999999999951456e+01
5.486878204345703125e+01 6.655999999999951910e+01
5.492621612548828125e+01 6.667999999999952365e+01
5.513798141479492188e+01 6.679999999999952820e+01
5.519954681396484375e+01 6.691999999999953275e+01
5.519480133056640625e+01 6.703999999999953729e+01
5.509534454345703125e+01 6.715999999999954184e+01
5.492817306518554688e+01 6.727999999999954639e+01
5.477241134643554688e+01 6.739999999999955094e+01
5.463640975952148438e+01 6.751999999999955548e+01
5.448274612426757812e+01 6.763999999999956003e+01
5.442140579223632812e+01 6.775999999999956458e+01
5.453971862792968750e+01 6.787999999999956913e+01
5.475453948974609375e+01 6.799999999999957367e+01
