5.000000000000000000e+00 2.000000000000000000e+01
5.134698390960693359e+00 2.000028800000000118e+01
5.254740238189697266e+00 2.000115199999999760e+01
5.430153846740722656e+00 2.000259199999999993e+01
5.565777778625488281e+00 2.000460799999999750e+01
5.658421993255615234e+00 2.000719999999999743e+01
5.806541442871093750e+00 2.001036799999999971e+01
5.960928440093994141e+00 2.001411199999999724e+01
6.072403907775878906e+00 2.001843199999999712e+01
6.178101539611816406e+00 2.002332799999999935e+01
6.325664520263671875e+00 2.002880000000000038e+01
6.439405441284179688e+00 2.003484800000000021e+01
6.606131076812744141e+00 2.004147199999999884e+01
6.784677505493164062e+00 2.004867199999999983e+01
6.932106018066406250e+00 2.005644800000000316e+01
7.181500911712646484e+00 2.006480000000000175e+01
7.368348121643066406e+00 2.007372800000000268e+01
7.534604549407958984e+00 2.008323199999999886e+01
7.658789634704589844e+00 2.009331200000000095e+01
7.842282772064208984e+00 2.010396800000000184e+01
8.024318695068359375e+00 2.011520000000000152e+01
8.281254768371582031e+00 2.012700800000000356e+01
8.476769447326660156e+00 2.013939200000000085e+01
8.794273376464843750e+00 2.015235200000000049e+01
9.021001815795898438e+00 2.016588800000000248e+01
8.514405059814453125e+00 2.018000000000000327e+01
8.320690536499023438e+00 2.019468800000000286e+01
8.110837936401367188e+00 2.020995200000000125e+01
8.512929534912109375e+00 2.022579200000000199e+01
9.110140800476074219e+00 2.024220800000000509e+01
9.337195301055908203e+00 2.025920000000000698e+01
9.568198776245117188e+00 2.027676800000000412e+01
1.093188762664794922e+01 2.029491200000000362e+01
1.132007503509521484e+01 2.031363200000000546e+01
1.164452171325683594e+01 2.033292800000000256e+01
1.189290046691894531e+01 2.035280000000000555e+01
1.223969173431396484e+01 2.037324800000000380e+01
1.259284782409667969e+01 2.039427200000000440e+01
1.289988422393798828e+01 2.041587200000000735e+01
1.331476688385009766e+01 2.043804800000000910e+01
1.362291145324707031e+01 2.046080000000000609e+01
1.404656887054443359e+01 2.048412800000000544e+01
1.441073131561279297e+01 2.050803200000000714e+01
1.479076576232910156e+01 2.053251200000000409e+01
1.517217063903808594e+01 2.055756800000001050e+01
1.559972667694091797e+01 2.058320000000000860e+01
1.609954452514648438e+01 2.060940800000000905e+01
1.649431419372558594e+01 2.063619200000000831e+01
1.694286537170410156e+01 2.066355200000000991e+01
1.732359313964843750e+01 2.069148800000001032e+01
1.781265640258789062e+01 2.072000000000001307e+01
1.827662849426269531e+01 2.074908800000000753e+01
1.875290107727050781e+01 2.077875200000001144e+01
1.924606323242187500e+01 2.080899200000001059e+01
1.968184089660644531e+01 2.083980800000001210e+01
2.014326858520507812e+01 2.087120000000001596e+01
2.061497688293457031e+01 2.090316800000001152e+01
2.107361412048339844e+01 2.093571200000001298e+01
2.152788925170898438e+01 2.096883200000001324e+01
2.203669166564941406e+01 2.100252800000001940e+01
2.247568321228027344e+01 2.103680000000001726e+01
2.294479942321777344e+01 2.107164800000001748e+01
2.340778160095214844e+01 2.110707200000001649e+01
2.385251045227050781e+01 2.114307200000001785e+01
2.430099487304687500e+01 2.117964800000002157e+01
2.474177932739257812e+01 2.121680000000002053e+01
2.520336914062500000e+01 2.125452800000002185e+01
2.563456916809082031e+01 2.129283200000001841e+01
2.604393768310546875e+01 2.133171200000002088e+01
2.645799636840820312e+01 2.137116800000002570e+01
2.683733749389648438e+01 2.141120000000002221e+01
2.723506355285644531e+01 2.145180800000002108e+01
2.760469818115234375e+01 2.149299200000002230e+01
2.797465324401855469e+01 2.153475200000002587e+01
2.832944869995117188e+01 2.157708800000002825e+01
2.869654655456542969e+01 2.162000000000002586e+01
2.906478500366210938e+01 2.166348800000002583e+01
2.939161872863769531e+01 2.170755200000002816e+01
2.966837692260742188e+01 2.175219200000002573e+01
3.001616859436035156e+01 2.179740800000002920e+01
3.030795669555664062e+01 2.184320000000003148e+01
3.060131454467773438e+01 2.188956800000002900e+01
3.090106010437011719e+01 2.193651200000003243e+01
3.115604019165039062e+01 2.198403200000003110e+01
3.141723060607910156e+01 2.203212800000003568e+01
3.169771003723144531e+01 2.208080000000003551e+01
3.197136306762695312e+01 2.213004800000003058e+01
3.222197723388671875e+01 2.217987200000003511e+01
3.243471145629882812e+01 2.223027200000003489e+01
3.262990951538085938e+01 2.228124800000003702e+01
3.283665847778320312e+01 2.233280000000004151e+01
3.306204605102539062e+01 2.238492800000003768e+01
3.322932434082031250e+01 2.243763200000003621e+01
3.340512847900390625e+01 2.249091200000004065e+01
3.356817245483398438e+01 2.254476800000004033e+01
3.372301101684570312e+01 2.259920000000004237e+01
3.385289764404296875e+01 2.265420800000004320e+01
3.400874710083007812e+01 2.270979200000004283e+01
3.411837005615234375e+01 2.276595200000004482e+01
3.422509002685546875e+01 2.282268800000004916e+01
3.433433151245117188e+01 2.288000000000004874e+01
3.448300552368164062e+01 2.293788800000004358e+01
3.460575103759765625e+01 2.299635200000004787e+01
3.469697570800781250e+01 2.305539200000004030e+01
3.477326583862304688e+01 2.311500800000004574e+01
3.482800674438476562e+01 2.317520000000004288e+01
3.487371063232421875e+01 2.323596800000004237e+01
3.492840194702148438e+01 2.329731200000004421e+01
3.497541427612304688e+01 2.335923200000003774e+01
3.505212020874023438e+01 2.342172800000003718e+01
3.507493209838867188e+01 2.348480000000004253e+01
3.511521530151367188e+01 2.354844800000003602e+01
3.512568664550781250e+01 2.361267200000003541e+01
3.513011169433593750e+01 2.367747200000003360e+01
3.512748718261718750e+01 2.374284800000003415e+01
3.511926651000976562e+01 2.380880000000003349e+01
3.509127044677734375e+01 2.387532800000003164e+01
3.508243942260742188e+01 2.394243200000002858e+01
3.509526443481445312e+01 2.401011200000002788e+01
3.510706329345703125e+01 2.407836800000002953e+01
3.507410430908203125e+01 2.414720000000002642e+01
3.503393173217773438e+01 2.421660800000002567e+01
3.498786544799804688e+01 2.428659200000002372e+01
3.492952728271484375e+01 2.435715200000002412e+01
3.488229751586914062e+01 2.442828800000002332e+01
3.484082412719726562e+01 2.450000000000002132e+01
3.478931045532226562e+01 2.457228800000001812e+01
3.473515701293945312e+01 2.464515200000001727e+01
3.467240905761718750e+01 2.471859200000001522e+01
3.459269332885742188e+01 2.479260800000001552e+01
3.452252960205078125e+01 2.486720000000001818e+01
3.443716049194335938e+01 2.494236800000000898e+01
3.433668899536132812e+01 2.501811200000001278e+01
3.423014450073242188e+01 2.509443200000000829e+01
3.410470581054687500e+01 2.517132800000000614e+01
3.395704650878906250e+01 2.524880000000000635e+01
3.381499481201171875e+01 2.532684800000000536e+01
3.367168426513671875e+01 2.540547200000000316e+01
3.352326965332031250e+01 2.548467199999999977e+01
3.336201477050781250e+01 2.556444799999999873e+01
3.319270706176757812e+01 2.564480000000000004e+01
3.302782058715820312e+01 2.572572799999999660e+01
3.285298538208007812e+01 2.580723199999999551e+01
3.266833877563476562e+01 2.588931199999998967e+01
3.248824691772460938e+01 2.597196799999998973e+01
3.229061889648437500e+01 2.605519999999998859e+01
3.208741378784179688e+01 2.613900799999998270e+01
3.188742256164550781e+01 2.622339199999998627e+01
3.168244743347167969e+01 2.630835199999998153e+01
3.148284149169921875e+01 2.639388799999998270e+01
3.125549316406250000e+01 2.647999999999998266e+01
3.103929710388183594e+01 2.656668799999997432e+01
3.082063865661621094e+01 2.665395199999997544e+01
3.059903717041015625e+01 2.674179199999996825e+01
3.037215614318847656e+01 2.683020799999997053e+01
3.014236640930175781e+01 2.691919999999997160e+01
2.990004158020019531e+01 2.700876799999996436e+01
2.963880920410156250e+01 2.709891199999996658e+01
2.941222000122070312e+01 2.718963199999996405e+01
2.917841720581054688e+01 2.728092799999995677e+01
2.891214752197265625e+01 2.737279999999995894e+01
2.868892669677734375e+01 2.746524799999995281e+01
2.845384025573730469e+01 2.755827199999995614e+01
2.819958114624023438e+01 2.765187199999994760e+01
2.798615455627441406e+01 2.774604799999994853e+01
2.776811981201171875e+01 2.784079999999994826e+01
2.755085945129394531e+01 2.793612799999994323e+01
2.733526420593261719e+01 2.803203199999993700e+01
2.711618232727050781e+01 2.812851199999993668e+01
2.694316101074218750e+01 2.822556799999993871e+01
2.676841163635253906e+01 2.832319999999993598e+01
2.655261611938476562e+01 2.842140799999993561e+01
2.634058189392089844e+01 2.852019199999993049e+01
2.611749076843261719e+01 2.861955199999992772e+01
2.591326904296875000e+01 2.871948799999992019e+01
2.572947883605957031e+01 2.881999999999992212e+01
2.552065658569335938e+01 2.892108799999991930e+01
2.533740234375000000e+01 2.902275199999991173e+01
2.516653060913085938e+01 2.912499199999991362e+01
2.500376510620117188e+01 2.922780799999991075e+01
2.485353851318359375e+01 2.933119999999991023e+01
2.467570877075195312e+01 2.943516799999991207e+01
2.452986335754394531e+01 2.953971199999990205e+01
2.440951156616210938e+01 2.964483199999990148e+01
2.430738258361816406e+01 2.975052799999989617e+01
2.414472198486328125e+01 2.985679999999990031e+01
2.395953369140625000e+01 2.996364799999989259e+01
2.380764007568359375e+01 3.007107199999988723e+01
2.364097213745117188e+01 3.017907199999988421e+01
2.353187561035156250e+01 3.028764799999988355e+01
2.339614868164062500e+01 3.039679999999987814e+01
2.331308746337890625e+01 3.050652799999988218e+01
2.318048858642578125e+01 3.061683199999987437e+01
2.308952140808105469e+01 3.072771199999986891e+01
2.297566413879394531e+01 3.083916799999986580e+01
2.289654350280761719e+01 3.095119999999986504e+01
2.280544281005859375e+01 3.106380799999985953e+01
2.273689270019531250e+01 3.117699199999985638e+01
2.270364761352539062e+01 3.129075199999985557e+01
2.267485237121582031e+01 3.140508799999985001e+01
2.267316436767578125e+01 3.151999999999985391e+01
2.269678115844726562e+01 3.163548799999984595e+01
2.262741851806640625e+01 3.175155199999984035e+01
2.261384582519531250e+01 3.186819199999983709e+01
2.266157722473144531e+01 3.198540799999983619e+01
2.266369438171386719e+01 3.210319999999983054e+01
2.262672805786132812e+01 3.222156799999983434e+01
2.269821548461914062e+01 3.234051199999982629e+01
2.277460479736328125e+01 3.246003199999982058e+01
2.283396720886230469e+01 3.258012799999981723e+01
2.285723495483398438e+01 3.270079999999981624e+01
2.303199386596679688e+01 3.282204799999981049e+01
2.319964599609375000e+01 3.294387199999980709e+01
2.330510902404785156e+01 3.306627199999980604e+01
2.350946044921875000e+01 3.318924799999980024e+01
2.362254142761230469e+01 3.331279999999979680e+01
2.368486213684082031e+01 3.343692799999979570e+01
2.379150772094726562e+01 3.356163199999978985e+01
2.400114250183105469e+01 3.368691199999977925e+01
2.419127845764160156e+01 3.381276799999978522e+01
2.449056434631347656e+01 3.393919999999978643e+01
2.478713226318359375e+01 3.406620799999978288e+01
2.502099227905273438e+01 3.419379199999976748e+01
2.522784805297851562e+01 3.432195199999976154e+01
2.545967102050781250e+01 3.445068799999977216e+01
2.575712203979492188e+01 3.457999999999975671e+01
2.599302101135253906e+01 3.470988799999975782e+01
2.631719779968261719e+01 3.484035199999974708e+01
2.659098052978515625e+01 3.497139199999975290e+01
2.685783576965332031e+01 3.510300799999974686e+01
2.722595024108886719e+01 3.523519999999974317e+01
2.754781723022460938e+01 3.536796799999974183e+01
2.794277763366699219e+01 3.550131199999972864e+01
2.842811775207519531e+01 3.563523199999972491e+01
2.885429000854492188e+01 3.576972799999972352e+01
2.929154014587402344e+01 3.590479999999971739e+01
2.979383468627929688e+01 3.604044799999971360e+01
3.028981208801269531e+01 3.617667199999971217e+01
3.078205299377441406e+01 3.631347199999970599e+01
3.121099662780761719e+01 3.645084799999970926e+01
3.167830276489257812e+01 3.658879999999970067e+01
3.219308090209960938e+01 3.672732799999969444e+01
3.266035461425781250e+01 3.686643199999969056e+01
3.305556488037109375e+01 3.700611199999968903e+01
3.360069274902343750e+01 3.714636799999968275e+01
3.407878112792968750e+01 3.728719999999968593e+01
3.465537643432617188e+01 3.742860799999967725e+01
3.517960357666015625e+01 3.757059199999967092e+01
3.567272186279296875e+01 3.771315199999966694e+01
3.623186874389648438e+01 3.785628799999965821e+01
3.673157119750976562e+01 3.799999999999965894e+01
3.723611450195312500e+01 3.814428799999965491e+01
3.781388473510742188e+01 3.828915199999964614e+01
3.836729812622070312e+01 3.843459199999964682e+01
3.886223220825195312e+01 3.858060799999964274e+01
3.937749481201171875e+01 3.872719999999964102e+01
3.992561340332031250e+01 3.887436799999962744e+01
4.050923919677734375e+01 3.902211199999962332e+01
4.111022186279296875e+01 3.917043199999961445e+01
4.167921829223632812e+01 3.931932799999962214e+01
4.213106155395507812e+01 3.946879999999961086e+01
4.266229248046875000e+01 3.961884799999960194e+01
4.321084976196289062e+01 3.976947199999959537e+01
4.381541442871093750e+01 3.992067199999959115e+01
4.435725021362304688e+01 4.007244799999958929e+01
4.483278656005859375e+01 4.022479999999958977e+01
4.536515426635742188e+01 4.037772799999958551e+01
4.589390182495117188e+01 4.053123199999957649e+01
4.635996627807617188e+01 4.068531199999957693e+01
4.690106964111328125e+01 4.083996799999957261e+01
4.737236022949218750e+01 4.099519999999956354e+01
4.781037139892578125e+01 4.115100799999954972e+01
4.822704696655273438e+01 4.130739199999954536e+01
4.867761993408203125e+01 4.146435199999954335e+01
4.912643432617187500e+01 4.162188799999954369e+01
4.943888473510742188e+01 4.177999999999954639e+01
4.989051818847656250e+01 4.193868799999953012e+01
5.031163787841796875e+01 4.209795199999953041e+01
5.073253631591796875e+01 4.225779199999951885e+01
5.120822906494140625e+01 4.241820799999952385e+01
5.161820983886718750e+01 4.257919999999951699e+01
5.199023818969726562e+01 4.274076799999950538e+01
5.235535812377929688e+01 4.290291199999950322e+01
5.270914459228515625e+01 4.306563199999949632e+01
5.299915313720703125e+01 4.322892799999949887e+01
5.338346099853515625e+01 4.339279999999948956e+01
5.373354339599609375e+01 4.355724799999948260e+01
5.406972885131835938e+01 4.372227199999947089e+01
5.441883087158203125e+01 4.388787199999947575e+01
5.475373458862304688e+01 4.405404799999946874e+01
5.504648208618164062e+01 4.422079999999946409e+01
5.530961990356445312e+01 4.438812799999945469e+01
5.561687469482421875e+01 4.455603199999944763e+01
5.589658355712890625e+01 4.472451199999945004e+01
5.616078186035156250e+01 4.489356799999943348e+01
5.639618301391601562e+01 4.506319999999943349e+01
5.661835479736328125e+01 4.523340799999942874e+01
5.680367660522460938e+01 4.540419199999941924e+01
5.698711395263671875e+01 4.557555199999941209e+01
5.719548034667968750e+01 4.574748799999940729e+01
5.732916641235351562e+01 4.591999999999941195e+01
5.749382019042968750e+01 4.609308799999939055e+01
5.767736816406250000e+01 4.626675199999938570e+01
5.782557678222656250e+01 4.644099199999939032e+01
5.798671340942382812e+01 4.661580799999938307e+01
5.810276794433593750e+01 4.679119999999937818e+01
5.816787338256835938e+01 4.696716799999937564e+01
5.826117324829101562e+01 4.714371199999936124e+01
5.837356185913085938e+01 4.732083199999935630e+01
5.851184082031250000e+01 4.749852799999936082e+01
5.860174179077148438e+01 4.767679999999936058e+01
5.864426040649414062e+01 4.785564799999934849e+01
5.871029663085937500e+01 4.803507199999932453e+01
5.881195449829101562e+01 4.821507199999932425e+01
5.885834121704101562e+01 4.839564799999933342e+01
5.889019393920898438e+01 4.857679999999932363e+01
5.892994308471679688e+01 4.875852799999931619e+01
5.897731018066406250e+01 4.894083199999931111e+01
5.900010681152343750e+01 4.912371199999930127e+01
5.904046630859375000e+01 4.930716799999928668e+01
5.906216430664062500e+01 4.949119999999928154e+01
5.913123321533203125e+01 4.967580799999927876e+01
5.914712905883789062e+01 4.986099199999927833e+01
5.918495941162109375e+01 5.004675199999925894e+01
5.917959213256835938e+01 5.023308799999926322e+01
5.920120620727539062e+01 5.041999999999924853e+01
5.923633575439453125e+01 5.060748799999925041e+01
5.925979995727539062e+01 5.079555199999924042e+01
5.929047775268554688e+01 5.098419199999923990e+01
5.930908966064453125e+01 5.117340799999923462e+01
5.929680252075195312e+01 5.136319999999922459e+01
5.926565933227539062e+01 5.155356799999921691e+01
5.924004364013671875e+01 5.174451199999921158e+01
5.922109222412109375e+01 5.193603199999920150e+01
5.918084716796875000e+01 5.212812799999920088e+01
5.913546371459960938e+01 5.232079999999919551e+01
5.909116363525390625e+01 5.251404799999919248e+01
5.902653121948242188e+01 5.270787199999917760e+01
5.897048568725585938e+01 5.290227199999917218e+01
5.892651748657226562e+01 5.309724799999916200e+01
5.856510467529296875e+01 5.329279999999916129e+01
5.849584884643554688e+01 5.348892799999914871e+01
5.838293762207031250e+01 5.368563199999913849e+01
5.819195709228515625e+01 5.388291199999913772e+01
5.785507659912109375e+01 5.408076799999913220e+01
5.756038055419921875e+01 5.427919999999913614e+01
5.733802413940429688e+01 5.447820799999911401e+01
5.729921493530273438e+01 5.467779199999910844e+01
5.707702636718750000e+01 5.487795199999911233e+01
5.656868133544921875e+01 5.507868799999909726e+01
5.624948730468750000e+01 5.527999999999909164e+01
5.604338150024414062e+01 5.548188799999907417e+01
5.577324600219726562e+01 5.568435199999907326e+01
5.559538955688476562e+01 5.588739199999906759e+01
5.536874542236328125e+01 5.609100799999907139e+01
5.522251663208007812e+01 5.629519999999905622e+01
5.507258758544921875e+01 5.649996799999905761e+01
5.492960128784179688e+01 5.670531199999904715e+01
5.498357086181640625e+01 5.691123199999904614e+01
5.484267501831054688e+01 5.711772799999902617e+01
5.481543197631835938e+01 5.732479999999901565e+01
5.477732849121093750e+01 5.753244799999900749e+01
5.466183471679687500e+01 5.774067199999901590e+01
5.462569961547851562e+01 5.794947199999900533e+01
5.469748382568359375e+01 5.815884799999899002e+01
5.446959609985351562e+01 5.836879999999899837e+01
5.422409210205078125e+01 5.857932799999898066e+01
5.407518920898437500e+01 5.879043199999897240e+01
5.415680770874023438e+01 5.900211199999898781e+01
5.382270202636718750e+01 5.921436799999898426e+01
5.350029983520507812e+01 5.942719999999900438e+01
5.300760253900625000e+01 5.964060799999900553e+01
5.304626159667906875e+01 5.985459199999900193e+01
5.314293136596679688e+01 6.006915199999900778e+01
5.323076782226562500e+01 6.028428799999902310e+01
5.336545257568359375e+01 6.049999999999903366e+01
5.344655838012695312e+01 6.071628799999902526e+01
5.366073532104492188e+01 6.093315199999904053e+01
5.386740875244140625e+01 6.115059199999903683e+01
5.402654571533203125e+01 6.136860799999904259e+01
5.407146148681640625e+01 6.158719999999905781e+01
5.401202087402343750e+01 6.180636799999906827e+01
5.411608734130859375e+01 6.202611199999905978e+01
5.419971084594726562e+01 6.224643199999907495e+01
5.421250915527343750e+01 6.246732799999908536e+01
5.420546722412109375e+01 6.268879999999907682e+01
5.426939010620117188e+01 6.291084799999909194e+01
5.429293441772460938e+01 6.313347199999910231e+01
5.431163787841796875e+01 6.335667199999909371e+01
5.438938522338867188e+01 6.358044799999910879e+01
5.444530105590820312e+01 6.380479999999911911e+01
5.455546188354492188e+01 6.402972799999911047e+01
5.460004425048828125e+01 6.425523199999913970e+01
5.476531219482421875e+01 6.448131199999913576e+01
5.492651748657226562e+01 6.470796799999914128e+01
5.508161544799804688e+01 6.493519999999914205e+01
5.522187805175781250e+01 6.516300799999915228e+01
5.536684036254882812e+01 6.539139199999915775e+01
5.552705383300781250e+01 6.562035199999915847e+01
5.565895843505859375e+01 6.584988799999916864e+01
5.579382705688476562e+01 6.607999999999917407e+01
