5.000000000000000000e+00 2.000000000000000000e+01
5.655489444732666016e+00 2.000028800000000118e+01
6.630455970764160156e+00 2.000115199999999760e+01
7.289890289306640625e+00 2.000259199999999993e+01
7.953955650329589844e+00 2.000460799999999750e+01
8.688371658325195312e+00 2.000719999999999743e+01
9.384405136108398438e+00 2.001036799999999971e+01
1.005977153778076172e+01 2.001411199999999724e+01
1.075060462951660156e+01 2.001843199999999712e+01
1.143424797058105469e+01 2.002332799999999935e+01
1.210918045043945312e+01 2.002880000000000038e+01
1.276601505279541016e+01 2.003484800000000021e+01
1.344571590423583984e+01 2.004147199999999884e+01
1.410458755493164062e+01 2.004867199999999983e+01
1.475837230682373047e+01 2.005644800000000316e+01
1.539674758911132812e+01 2.006480000000000175e+01
1.603988456726074219e+01 2.007372800000000268e+01
1.665831375122070312e+01 2.008323199999999886e+01
1.726151466369628906e+01 2.009331200000000095e+01
1.783266639709472656e+01 2.010396800000000184e+01
1.839477157592773438e+01 2.011520000000000152e+01
1.893768692016601562e+01 2.012700800000000356e+01
1.946725463867187500e+01 2.013939200000000085e+01
1.998825645446777344e+01 2.015235200000000049e+01
2.051427841186523438e+01 2.016588800000000248e+01
2.100346183776855469e+01 2.018000000000000327e+01
2.150819015502929688e+01 2.019468800000000286e+01
2.196496391296386719e+01 2.020995200000000125e+01
2.244495582580566406e+01 2.022579200000000199e+01
2.286461257934570312e+01 2.024220800000000509e+01
2.328700256347656250e+01 2.025920000000000698e+01
2.370596504211425781e+01 2.027676800000000412e+01
2.410873794555664062e+01 2.029491200000000362e+01
2.450313758850097656e+01 2.031363200000000546e+01
2.487913894653320312e+01 2.033292800000000256e+01
2.527008628845214844e+01 2.035280000000000555e+01
2.563355636596679688e+01 2.037324800000000380e+01
2.601168632507324219e+01 2.039427200000000440e+01
2.635947608947753906e+01 2.041587200000000735e+01
2.670372200012207031e+01 2.043804800000000910e+01
2.705672645568847656e+01 2.046080000000000609e+01
2.739796829223632812e+01 2.048412800000000544e+01
2.773693847656250000e+01 2.050803200000000714e+01
2.807005310058593750e+01 2.053251200000000409e+01
2.841444015502929688e+01 2.055756800000001050e+01
2.877799797058105469e+01 2.058320000000000860e+01
2.911990737915039062e+01 2.060940800000000905e+01
2.949521636962890625e+01 2.063619200000000831e+01
2.980060958862304688e+01 2.066355200000000991e+01
3.017058753967285156e+01 2.069148800000001032e+01
3.049880027770996094e+01 2.072000000000001307e+01
3.078102684020996094e+01 2.074908800000000753e+01
3.104805564880371094e+01 2.077875200000001144e+01
3.129369354248046875e+01 2.080899200000001059e+01
3.148462486267089844e+01 2.083980800000001210e+01
3.160548210144042969e+01 2.087120000000001596e+01
3.166939163208007812e+01 2.090316800000001152e+01
3.171018791198730469e+01 2.093571200000001298e+01
3.173685455322265625e+01 2.096883200000001324e+01
3.167876052856445312e+01 2.100252800000001940e+01
3.162978935241699219e+01 2.103680000000001726e+01
3.156760406494140625e+01 2.107164800000001748e+01
3.149446678161621094e+01 2.110707200000001649e+01
3.138899993896484375e+01 2.114307200000001785e+01
3.130299949645996094e+01 2.117964800000002157e+01
3.118954086303710938e+01 2.121680000000002053e+01
3.112160873413085938e+01 2.125452800000002185e+01
3.099632644653320312e+01 2.129283200000001841e+01
3.086990928649902344e+01 2.133171200000002088e+01
3.073298645019531250e+01 2.137116800000002570e+01
3.060252380371093750e+01 2.141120000000002221e+01
3.041826820373535156e+01 2.145180800000002108e+01
3.025698089599609375e+01 2.149299200000002230e+01
3.009885025024414062e+01 2.153475200000002587e+01
2.988323402404785156e+01 2.157708800000002825e+01
2.969981193542480469e+01 2.162000000000002586e+01
2.947344207763671875e+01 2.166348800000002583e+01
2.927762222290039062e+01 2.170755200000002816e+01
2.909831237792968750e+01 2.175219200000002573e+01
2.892720985412597656e+01 2.179740800000002920e+01
2.869401931762695312e+01 2.184320000000003148e+01
2.847184371948242188e+01 2.188956800000002900e+01
2.824000549316406250e+01 2.193651200000003243e+01
2.801573181152343750e+01 2.198403200000003110e+01
2.778409767150878906e+01 2.203212800000003568e+01
2.754401779174804688e+01 2.208080000000003551e+01
2.731891441345214844e+01 2.213004800000003058e+01
2.710143470764160156e+01 2.217987200000003511e+01
2.687010002136230469e+01 2.223027200000003489e+01
2.662511634826660156e+01 2.228124800000003702e+01
2.637157630920410156e+01 2.233280000000004151e+01
2.612066078186035156e+01 2.238492800000003768e+01
2.585738182067871094e+01 2.243763200000003621e+01
2.558861541748046875e+01 2.249091200000004065e+01
2.531471061706542969e+01 2.254476800000004033e+01
2.503905487060546875e+01 2.259920000000004237e+01
2.474816513061523438e+01 2.265420800000004320e+01
2.447628974914550781e+01 2.270979200000004283e+01
2.420165061950683594e+01 2.276595200000004482e+01
2.392766761779785156e+01 2.282268800000004916e+01
2.365703392028808594e+01 2.288000000000004874e+01
2.337643051147460938e+01 2.293788800000004358e+01
2.309366989135742188e+01 2.299635200000004787e+01
2.282764816284179688e+01 2.305539200000004030e+01
2.256184196472167969e+01 2.311500800000004574e+01
2.229727172851562500e+01 2.317520000000004288e+01
2.205010223388671875e+01 2.323596800000004237e+01
2.181286239624023438e+01 2.329731200000004421e+01
2.159284591674804688e+01 2.335923200000003774e+01
2.136406326293945312e+01 2.342172800000003718e+01
2.112000083923339844e+01 2.348480000000004253e+01
2.086138916015625000e+01 2.354844800000003602e+01
2.062372398376464844e+01 2.361267200000003541e+01
2.036950683593750000e+01 2.367747200000003360e+01
2.014227676391601562e+01 2.374284800000003415e+01
1.991000747680664062e+01 2.380880000000003349e+01
1.969013977050781250e+01 2.387532800000003164e+01
1.947045707702636719e+01 2.394243200000002858e+01
1.926977539062500000e+01 2.401011200000002788e+01
1.906519508361816406e+01 2.407836800000002953e+01
1.883367729187011719e+01 2.414720000000002642e+01
1.859107208251953125e+01 2.421660800000002567e+01
1.834906196594238281e+01 2.428659200000002372e+01
1.809580421447753906e+01 2.435715200000002412e+01
1.783541107177734375e+01 2.442828800000002332e+01
1.754258728027343750e+01 2.450000000000002132e+01
1.727909660339355469e+01 2.457228800000001812e+01
1.701239013671875000e+01 2.464515200000001727e+01
1.673890686035156250e+01 2.471859200000001522e+01
1.644425964355468750e+01 2.479260800000001552e+01
1.616465950012207031e+01 2.486720000000001818e+01
1.591242313385009766e+01 2.494236800000000898e+01
1.567944622039794922e+01 2.501811200000001278e+01
1.547471904754638672e+01 2.509443200000000829e+01
1.529175567626953125e+01 2.517132800000000614e+01
1.511733913421630859e+01 2.524880000000000635e+01
1.497091770172119141e+01 2.532684800000000536e+01
1.482790756225585938e+01 2.540547200000000316e+01
1.472994232177734375e+01 2.548467199999999977e+01
1.464395046234130859e+01 2.556444799999999873e+01
1.455056571960449219e+01 2.564480000000000004e+01
1.448855876922607422e+01 2.572572799999999660e+01
1.442254638671875000e+01 2.580723199999999551e+01
1.441111660003662109e+01 2.588931199999998967e+01
1.441266632080078125e+01 2.597196799999998973e+01
1.441293144226074219e+01 2.605519999999998859e+01
1.443881988525390625e+01 2.613900799999998270e+01
1.446167850494384766e+01 2.622339199999998627e+01
1.448103141784667969e+01 2.630835199999998153e+01
1.451473426818847656e+01 2.639388799999998270e+01
1.456214714050292969e+01 2.647999999999998266e+01
1.460649204254150391e+01 2.656668799999997432e+01
1.465543842315673828e+01 2.665395199999997544e+01
1.472457218170166016e+01 2.674179199999996825e+01
1.479650020599365234e+01 2.683020799999997053e+01
1.486372184753417969e+01 2.691919999999997160e+01
1.494347476959228516e+01 2.700876799999996436e+01
1.501137828826904297e+01 2.709891199999996658e+01
1.509693145751953125e+01 2.718963199999996405e+01
1.523029327392578125e+01 2.728092799999995677e+01
1.537776565551757812e+01 2.737279999999995894e+01
1.548857021331787109e+01 2.746524799999995281e+01
1.564259815216064453e+01 2.755827199999995614e+01
1.577096939086914062e+01 2.765187199999994760e+01
1.593038272857666016e+01 2.774604799999994853e+01
1.611138725280761719e+01 2.784079999999994826e+01
1.626947784423828125e+01 2.793612799999994323e+01
1.644829559326171875e+01 2.803203199999993700e+01
1.662700653076171875e+01 2.812851199999993668e+01
1.685542106628417969e+01 2.822556799999993871e+01
1.705144882202148438e+01 2.832319999999993598e+01
1.730875205993652344e+01 2.842140799999993561e+01
1.787876014709472656e+01 2.852019199999993049e+01
1.834358978271484375e+01 2.861955199999992772e+01
1.861231422424316406e+01 2.871948799999992019e+01
1.900423393249511719e+01 2.881999999999992212e+01
1.958441200256347656e+01 2.892108799999991930e+01
2.009771881103515625e+01 2.902275199999991173e+01
2.052754898071289062e+01 2.912499199999991362e+01
2.084034271240234375e+01 2.922780799999991075e+01
2.136962356567382812e+01 2.933119999999991023e+01
2.152616615295410156e+01 2.943516799999991207e+01
2.188871307373046875e+01 2.953971199999990205e+01
2.194831886291503906e+01 2.964483199999990148e+01
2.224861030578613281e+01 2.975052799999989617e+01
2.243289718627929688e+01 2.985679999999990031e+01
2.261762657165527344e+01 2.996364799999989259e+01
2.294596366882324219e+01 3.007107199999988723e+01
2.325843734741210938e+01 3.017907199999988421e+01
2.369042701721191406e+01 3.028764799999988355e+01
2.401927719116210938e+01 3.039679999999987814e+01
2.432010078430175781e+01 3.050652799999988218e+01
2.475093460083007812e+01 3.061683199999987437e+01
2.517946052551269531e+01 3.072771199999986891e+01
2.561305236816406250e+01 3.083916799999986580e+01
2.607276535034179688e+01 3.095119999999986504e+01
2.652941894531250000e+01 3.106380799999985953e+01
2.702125358581542969e+01 3.117699199999985638e+01
2.748311424255371094e+01 3.129075199999985557e+01
2.793856048583984375e+01 3.140508799999985001e+01
2.840694046020507812e+01 3.151999999999985391e+01
2.886422348022460938e+01 3.163548799999984595e+01
2.931554603576660156e+01 3.175155199999984035e+01
2.977707672119140625e+01 3.186819199999983709e+01
3.022962951660156250e+01 3.198540799999983619e+01
3.069107437133789062e+01 3.210319999999983054e+01
3.115282630920410156e+01 3.222156799999983434e+01
3.162078666687011719e+01 3.234051199999982629e+01
3.207701873779296875e+01 3.246003199999982058e+01
3.253254699707031250e+01 3.258012799999981723e+01
3.302040100097656250e+01 3.270079999999981624e+01
3.349204254150390625e+01 3.282204799999981049e+01
3.397440719604492188e+01 3.294387199999980709e+01
3.445788192749023438e+01 3.306627199999980604e+01
3.492455291748046875e+01 3.318924799999980024e+01
3.540996170043945312e+01 3.331279999999979680e+01
3.590459060668945312e+01 3.343692799999979570e+01
3.639242172241210938e+01 3.356163199999978985e+01
3.687908554077148438e+01 3.368691199999977925e+01
3.736355972290039062e+01 3.381276799999978522e+01
3.784348678588867188e+01 3.393919999999978643e+01
3.833212280273437500e+01 3.406620799999978288e+01
3.882224655151367188e+01 3.419379199999976748e+01
3.930092620849609375e+01 3.432195199999976154e+01
3.977471923828125000e+01 3.445068799999977216e+01
4.024438476562500000e+01 3.457999999999975671e+01
4.068918991088867188e+01 3.470988799999975782e+01
4.115523147583007812e+01 3.484035199999974708e+01
4.159650802612304688e+01 3.497139199999975290e+01
4.201913452148437500e+01 3.510300799999974686e+01
4.245371627807617188e+01 3.523519999999974317e+01
4.288218307495117188e+01 3.536796799999974183e+01
4.328718948364257812e+01 3.550131199999972864e+01
4.371076583862304688e+01 3.563523199999972491e+01
4.411579895019531250e+01 3.576972799999972352e+01
4.453999328613281250e+01 3.590479999999971739e+01
4.490175247192382812e+01 3.604044799999971360e+01
4.534832000732421875e+01 3.617667199999971217e+01
4.565689468383789062e+01 3.631347199999970599e+01
4.604878616333007812e+01 3.645084799999970926e+01
4.634046554565429688e+01 3.658879999999970067e+01
4.670564270019531250e+01 3.672732799999969444e+01
4.697461700439453125e+01 3.686643199999969056e+01
4.732330703735351562e+01 3.700611199999968903e+01
4.760674285888671875e+01 3.714636799999968275e+01
4.791159820556640625e+01 3.728719999999968593e+01
4.817135620117187500e+01 3.742860799999967725e+01
4.844207382202148438e+01 3.757059199999967092e+01
4.866411590576171875e+01 3.771315199999966694e+01
4.891355133056640625e+01 3.785628799999965821e+01
4.913799667358398438e+01 3.799999999999965894e+01
4.933363342285156250e+01 3.814428799999965491e+01
4.952180862426757812e+01 3.828915199999964614e+01
4.972629547119140625e+01 3.843459199999964682e+01
4.990135574340820312e+01 3.858060799999964274e+01
5.005591201782226562e+01 3.872719999999964102e+01
5.021597290039062500e+01 3.887436799999962744e+01
5.037606048583984375e+01 3.902211199999962332e+01
5.048117828369140625e+01 3.917043199999961445e+01
5.058591461181640625e+01 3.931932799999962214e+01
5.071477508544921875e+01 3.946879999999961086e+01
5.080015182495117188e+01 3.961884799999960194e+01
5.089691543579101562e+01 3.976947199999959537e+01
5.092443084716796875e+01 3.992067199999959115e+01
5.098302841186523438e+01 4.007244799999958929e+01
5.103869247436523438e+01 4.022479999999958977e+01
5.108999633789062500e+01 4.037772799999958551e+01
5.112511062622070312e+01 4.053123199999957649e+01
5.112738800048828125e+01 4.068531199999957693e+01
5.110344696044921875e+01 4.083996799999957261e+01
5.111082458496093750e+01 4.099519999999956354e+01
5.107290267944335938e+01 4.115100799999954972e+01
5.100460052490234375e+01 4.130739199999954536e+01
5.097243881225585938e+01 4.146435199999954335e+01
5.086881256103515625e+01 4.162188799999954369e+01
5.080683517456054688e+01 4.177999999999954639e+01
5.073788452148437500e+01 4.193868799999953012e+01
5.064283370971679688e+01 4.209795199999953041e+01
5.056130599975585938e+01 4.225779199999951885e+01
5.040348052978515625e+01 4.241820799999952385e+01
5.027010726928710938e+01 4.257919999999951699e+01
5.016658401489257812e+01 4.274076799999950538e+01
5.001491928100585938e+01 4.290291199999950322e+01
4.987056350708007812e+01 4.306563199999949632e+01
4.971989440917968750e+01 4.322892799999949887e+01
4.957204437255859375e+01 4.339279999999948956e+01
4.942023468017578125e+01 4.355724799999948260e+01
4.926319122314453125e+01 4.372227199999947089e+01
4.911151123046875000e+01 4.388787199999947575e+01
4.895596313476562500e+01 4.405404799999946874e+01
4.878760147094726562e+01 4.422079999999946409e+01
4.864213562011718750e+01 4.438812799999945469e+01
4.848240661621093750e+01 4.455603199999944763e+01
4.830234909057617188e+01 4.472451199999945004e+01
4.812562561035156250e+01 4.489356799999943348e+01
4.796223831176757812e+01 4.506319999999943349e+01
4.779787445068359375e+01 4.523340799999942874e+01
4.762060546875000000e+01 4.540419199999941924e+01
4.746595001220703125e+01 4.557555199999941209e+01
4.729482269287109375e+01 4.574748799999940729e+01
4.710409545898437500e+01 4.591999999999941195e+01
4.690309906005859375e+01 4.609308799999939055e+01
4.669761276245117188e+01 4.626675199999938570e+01
4.648500061035156250e+01 4.644099199999939032e+01
4.627582550048828125e+01 4.661580799999938307e+01
4.604263305664062500e+01 4.679119999999937818e+01
4.585034561157226562e+01 4.696716799999937564e+01
4.562723159790039062e+01 4.714371199999936124e+01
4.540111923217773438e+01 4.732083199999935630e+01
4.538273544311523438e+01 4.749852799999936082e+01
4.527835159301757812e+01 4.767679999999936058e+01
4.506123809814453125e+01 4.785564799999934849e+01
4.485524826049804688e+01 4.803507199999932453e+01
4.475918426513671875e+01 4.821507199999932425e+01
4.465482711791992188e+01 4.839564799999933342e+01
4.458402786254882812e+01 4.857679999999932363e+01
4.449980850219726562e+01 4.875852799999931619e+01
4.432002563476562500e+01 4.894083199999931111e+01
4.424949340820312500e+01 4.912371199999930127e+01
4.417556228637695312e+01 4.930716799999928668e+01
4.401803054809570312e+01 4.949119999999928154e+01
4.396562576293945312e+01 4.967580799999927876e+01
4.379929351806640625e+01 4.986099199999927833e+01
4.363611602783203125e+01 5.004675199999925894e+01
4.341290512084960938e+01 5.023308799999926322e+01
4.329310836791992188e+01 5.041999999999924853e+01
4.287415847778320312e+01 5.060748799999925041e+01
4.256110229492187500e+01 5.079555199999924042e+01
4.216972503662109375e+01 5.098419199999923990e+01
4.201014709472656250e+01 5.117340799999923462e+01
4.191563415527343750e+01 5.136319999999922459e+01
4.186195373535156250e+01 5.155356799999921691e+01
4.179130554199218750e+01 5.174451199999921158e+01
4.174506759643554688e+01 5.193603199999920150e+01
4.169979476928710938e+01 5.212812799999920088e+01
4.166188049316406250e+01 5.232079999999919551e+01
4.162334823608398438e+01 5.251404799999919248e+01
4.158599853515625000e+01 5.270787199999917760e+01
4.157968521118164062e+01 5.290227199999917218e+01
4.159092712402343750e+01 5.309724799999916200e+01
4.160520553588867188e+01 5.329279999999916129e+01
4.159104919433593750e+01 5.348892799999914871e+01
4.164647293090820312e+01 5.368563199999913849e+01
4.165921401977539062e+01 5.388291199999913772e+01
4.167797470092773438e+01 5.408076799999913220e+01
4.173258209228515625e+01 5.427919999999913614e+01
4.177305984497070312e+01 5.447820799999911401e+01
4.184143829345703125e+01 5.467779199999910844e+01
4.190195083618164062e+01 5.487795199999911233e+01
4.196539306640625000e+01 5.507868799999909726e+01
4.205745315551757812e+01 5.527999999999909164e+01
4.214772033691406250e+01 5.548188799999907417e+01
4.225434494018554688e+01 5.568435199999907326e+01
4.237210845947265625e+01 5.588739199999906759e+01
4.251302337646484375e+01 5.609100799999907139e+01
4.264121246337890625e+01 5.629519999999905622e+01
4.278911972045898438e+01 5.649996799999905761e+01
4.294662094116210938e+01 5.670531199999904715e+01
4.310765838623046875e+01 5.691123199999904614e+01
4.329413223266601562e+01 5.711772799999902617e+01
4.349766921997070312e+01 5.732479999999901565e+01
4.369363403320312500e+01 5.753244799999900749e+01
4.390643310546875000e+01 5.774067199999901590e+01
4.412347412109375000e+01 5.794947199999900533e+01
4.437593078613281250e+01 5.815884799999899002e+01
4.462070465087890625e+01 5.836879999999899837e+01
4.488967895507812500e+01 5.857932799999898066e+01
4.514751052856445312e+01 5.879043199999897240e+01
4.544301605224609375e+01 5.900211199999898781e+01
4.572324371337890625e+01 5.921436799999898426e+01
4.602968597412109375e+01 5.942719999999900438e+01
4.635284423828125000e+01 5.964060799999900553e+01
4.666802597045898438e+01 5.985459199999900193e+01
4.702666854858398438e+01 6.006915199999900778e+01
4.738098907470703125e+01 6.028428799999902310e+01
4.774547195434570312e+01 6.049999999999903366e+01
4.813082504272460938e+01 6.071628799999902526e+01
4.854890441894531250e+01 6.093315199999904053e+01
4.893799972534179688e+01 6.115059199999903683e+01
4.936334609985351562e+01 6.136860799999904259e+01
4.978763198852539062e+01 6.158719999999905781e+01
5.021631622314453125e+01 6.180636799999906827e+01
5.066053390502929688e+01 6.202611199999905978e+01
5.112231826782226562e+01 6.224643199999907495e+01
5.157898712158203125e+01 6.246732799999908536e+01
5.207170867919921875e+01 6.268879999999907682e+01
5.255229187011718750e+01 6.291084799999909194e+01
5.304859542846679688e+01 6.313347199999910231e+01
5.358448410034179688e+01 6.335667199999909371e+01
5.410868072509765625e+01 6.358044799999910879e+01
5.466096878051757812e+01 6.380479999999911911e+01
5.521996688842773438e+01 6.402972799999911047e+01
5.578800201416015625e+01 6.425523199999913970e+01
5.634755706787109375e+01 6.448131199999913576e+01
5.694398880004882812e+01 6.470796799999914128e+01
5.751386260986328125e+01 6.493519999999914205e+01
5.809856033325195312e+01 6.516300799999915228e+01
5.869294357299804688e+01 6.539139199999915775e+01
5.926639556884765625e+01 6.562035199999915847e+01
5.983832550048828125e+01 6.584988799999916864e+01
6.044871139526367188e+01 6.607999999999917407e+01
