3.500000000000000000e+01 2.000000000000000000e+01
3.526141738891601562e+01 2.000028800000000118e+01
3.565573120117187500e+01 2.000115199999999760e+01
3.574464187622070312e+01 2.000259199999999993e+01
3.584654159545898438e+01 2.000460799999999750e+01
3.593199234008789062e+01 2.000719999999999743e+01
3.609640502929687500e+01 2.001036799999999971e+01
3.615391693115234375e+01 2.001411199999999724e+01
3.620085067749023438e+01 2.001843199999999712e+01
3.643909835815429688e+01 2.002332799999999935e+01
3.656638259887695312e+01 2.002880000000000038e+01
3.676008224487304688e+01 2.003484800000000021e+01
3.696441345214843750e+01 2.004147199999999884e+01
3.755726242065429688e+01 2.004867199999999983e+01
4.050991973876953125e+01 2.005644800000000316e+01
4.124896621704101562e+01 2.006480000000000175e+01
4.156592559814453125e+01 2.007372800000000268e+01
4.185236740112304688e+01 2.008323199999999886e+01
4.213634872436523438e+01 2.009331200000000095e+01
4.239015960693359375e+01 2.010396800000000184e+01
4.262436676025390625e+01 2.011520000000000152e+01
4.289673233032226562e+01 2.012700800000000356e+01
4.311911010742187500e+01 2.013939200000000085e+01
4.336637496948242188e+01 2.015235200000000049e+01
4.361905288696289062e+01 2.016588800000000248e+01
4.382258605957031250e+01 2.018000000000000327e+01
4.404281997680664062e+01 2.019468800000000286e+01
4.422716140747070312e+01 2.020995200000000125e+01
4.441132736206054688e+01 2.022579200000000199e+01
4.457245635986328125e+01 2.024220800000000509e+01
4.472451019287109375e+01 2.025920000000000698e+01
4.487443542480468750e+01 2.027676800000000412e+01
4.502041244506835938e+01 2.029491200000000362e+01
4.513110351562500000e+01 2.031363200000000546e+01
4.525909805297851562e+01 2.033292800000000256e+01
4.535149002075195312e+01 2.035280000000000555e+01
4.545466232299804688e+01 2.037324800000000380e+01
4.553892517089843750e+01 2.039427200000000440e+01
4.560505676269531250e+01 2.041587200000000735e+01
4.563559722900390625e+01 2.043804800000000910e+01
4.567300033569335938e+01 2.046080000000000609e+01
4.569828796386718750e+01 2.048412800000000544e+01
4.570544815063476562e+01 2.050803200000000714e+01
4.569388580322265625e+01 2.053251200000000409e+01
4.564377212524414062e+01 2.055756800000001050e+01
4.561536026000976562e+01 2.058320000000000860e+01
4.556908798217773438e+01 2.060940800000000905e+01
4.546905899047851562e+01 2.063619200000000831e+01
4.536693572998046875e+01 2.066355200000000991e+01
4.525718307495117188e+01 2.069148800000001032e+01
4.513082122802734375e+01 2.072000000000001307e+01
4.497732925415039062e+01 2.074908800000000753e+01
4.480512237548828125e+01 2.077875200000001144e+01
4.462963867187500000e+01 2.080899200000001059e+01
4.442327880859375000e+01 2.083980800000001210e+01
4.420130920410156250e+01 2.087120000000001596e+01
4.398323440551757812e+01 2.090316800000001152e+01
4.373627853393554688e+01 2.093571200000001298e+01
4.347692108154296875e+01 2.096883200000001324e+01
4.320198822021484375e+01 2.100252800000001940e+01
4.291587066650390625e+01 2.103680000000001726e+01
4.260120010375976562e+01 2.107164800000001748e+01
4.228226852416992188e+01 2.110707200000001649e+01
4.193988037109375000e+01 2.114307200000001785e+01
4.157306671142578125e+01 2.117964800000002157e+01
4.118729782104492188e+01 2.121680000000002053e+01
4.079199600219726562e+01 2.125452800000002185e+01
4.038170623779296875e+01 2.129283200000001841e+01
3.995796203613281250e+01 2.133171200000002088e+01
3.951432800292968750e+01 2.137116800000002570e+01
3.906312179565429688e+01 2.141120000000002221e+01
3.858273696899414062e+01 2.145180800000002108e+01
3.810281753540039062e+01 2.149299200000002230e+01
3.761919403076171875e+01 2.153475200000002587e+01
3.711362075805664062e+01 2.157708800000002825e+01
3.661925888061523438e+01 2.162000000000002586e+01
3.611946487426757812e+01 2.166348800000002583e+01
3.560093688964843750e+01 2.170755200000002816e+01
3.511143493652343750e+01 2.175219200000002573e+01
3.457648849487304688e+01 2.179740800000002920e+01
3.405598068237304688e+01 2.184320000000003148e+01
3.351451873779296875e+01 2.188956800000002900e+01
3.296125793457031250e+01 2.193651200000003243e+01
3.243527984619140625e+01 2.198403200000003110e+01
3.184761238098144531e+01 2.203212800000003568e+01
3.130107116699218750e+01 2.208080000000003551e+01
3.074135780334472656e+01 2.213004800000003058e+01
3.019861221313476562e+01 2.217987200000003511e+01
2.962270164489746094e+01 2.223027200000003489e+01
2.909082603454589844e+01 2.228124800000003702e+01
2.853318405151367188e+01 2.233280000000004151e+01
2.799645996093750000e+01 2.238492800000003768e+01
2.745227622985839844e+01 2.243763200000003621e+01
2.696013450622558594e+01 2.249091200000004065e+01
2.644058036804199219e+01 2.254476800000004033e+01
2.594635200500488281e+01 2.259920000000004237e+01
2.548834991455078125e+01 2.265420800000004320e+01
2.494999504089355469e+01 2.270979200000004283e+01
2.448723793029785156e+01 2.276595200000004482e+01
2.395113754272460938e+01 2.282268800000004916e+01
2.346834564208984375e+01 2.288000000000004874e+01
2.298530197143554688e+01 2.293788800000004358e+01
2.249430847167968750e+01 2.299635200000004787e+01
2.203197669982910156e+01 2.305539200000004030e+01
2.161156272888183594e+01 2.311500800000004574e+01
2.118570709228515625e+01 2.317520000000004288e+01
2.076169967651367188e+01 2.323596800000004237e+01
2.038008117675781250e+01 2.329731200000004421e+01
2.000367927551269531e+01 2.335923200000003774e+01
1.962905883789062500e+01 2.342172800000003718e+01
1.924290466308593750e+01 2.348480000000004253e+01
1.888556671142578125e+01 2.354844800000003602e+01
1.850646591186523438e+01 2.361267200000003541e+01
1.822687149047851562e+01 2.367747200000003360e+01
1.797539901733398438e+01 2.374284800000003415e+01
1.768485069274902344e+01 2.380880000000003349e+01
1.754685974121093750e+01 2.387532800000003164e+01
1.737647628784179688e+01 2.394243200000002858e+01
1.729761123657226562e+01 2.401011200000002788e+01
1.722446250915527344e+01 2.407836800000002953e+01
1.713525581359863281e+01 2.414720000000002642e+01
1.711787796020507812e+01 2.421660800000002567e+01
1.710486030578613281e+01 2.428659200000002372e+01
1.710033798217773438e+01 2.435715200000002412e+01
1.714685821533203125e+01 2.442828800000002332e+01
1.713956069946289062e+01 2.450000000000002132e+01
1.709731483459472656e+01 2.457228800000001812e+01
1.710873413085937500e+01 2.464515200000001727e+01
1.723453521728515625e+01 2.471859200000001522e+01
1.740760231018066406e+01 2.479260800000001552e+01
1.769084739685058594e+01 2.486720000000001818e+01
1.783651924133300781e+01 2.494236800000000898e+01
1.795369720458984375e+01 2.501811200000001278e+01
1.821085357666015625e+01 2.509443200000000829e+01
1.845206069946289062e+01 2.517132800000000614e+01
1.877696037292480469e+01 2.524880000000000635e+01
1.906608009338378906e+01 2.532684800000000536e+01
1.937608146667480469e+01 2.540547200000000316e+01
1.961079025268554688e+01 2.548467199999999977e+01
1.984947204589843750e+01 2.556444799999999873e+01
2.015256309509277344e+01 2.564480000000000004e+01
2.045078086853027344e+01 2.572572799999999660e+01
2.079204368591308594e+01 2.580723199999999551e+01
2.112045478820800781e+01 2.588931199999998967e+01
2.154583740234375000e+01 2.597196799999998973e+01
2.192814636230468750e+01 2.605519999999998859e+01
2.229344940185546875e+01 2.613900799999998270e+01
2.265416336059570312e+01 2.622339199999998627e+01
2.309566879272460938e+01 2.630835199999998153e+01
2.357986259460449219e+01 2.639388799999998270e+01
2.406421470642089844e+01 2.647999999999998266e+01
2.446530151367187500e+01 2.656668799999997432e+01
2.494303512573242188e+01 2.665395199999997544e+01
2.542583847045898438e+01 2.674179199999996825e+01
2.592896270751953125e+01 2.683020799999997053e+01
2.647375679016113281e+01 2.691919999999997160e+01
2.691800117492675781e+01 2.700876799999996436e+01
2.750709342956542969e+01 2.709891199999996658e+01
2.804087066650390625e+01 2.718963199999996405e+01
2.857003593444824219e+01 2.728092799999995677e+01
2.909816360473632812e+01 2.737279999999995894e+01
2.956820106506347656e+01 2.746524799999995281e+01
3.004122352600097656e+01 2.755827199999995614e+01
3.057897377014160156e+01 2.765187199999994760e+01
3.112114524841308594e+01 2.774604799999994853e+01
3.166646385192871094e+01 2.784079999999994826e+01
3.218922424316406250e+01 2.793612799999994323e+01
3.269398117065429688e+01 2.803203199999993700e+01
3.313995742797851562e+01 2.812851199999993668e+01
3.363789749145507812e+01 2.822556799999993871e+01
3.411659622192382812e+01 2.832319999999993598e+01
3.458974456787109375e+01 2.842140799999993561e+01
3.502500534057617188e+01 2.852019199999993049e+01
3.551263427734375000e+01 2.861955199999992772e+01
3.600498962402343750e+01 2.871948799999992019e+01
3.643747329711914062e+01 2.881999999999992212e+01
3.681976318359375000e+01 2.892108799999991930e+01
3.718523406982421875e+01 2.902275199999991173e+01
3.759405136108398438e+01 2.912499199999991362e+01
3.797869110107421875e+01 2.922780799999991075e+01
3.833524703979492188e+01 2.933119999999991023e+01
3.870526123046875000e+01 2.943516799999991207e+01
3.909560012817382812e+01 2.953971199999990205e+01
3.948489761352539062e+01 2.964483199999990148e+01
3.976130294799804688e+01 2.975052799999989617e+01
4.007766723632812500e+01 2.985679999999990031e+01
4.036676788330078125e+01 2.996364799999989259e+01
4.063676071166992188e+01 3.007107199999988723e+01
4.094509506225585938e+01 3.017907199999988421e+01
4.123685455322265625e+01 3.028764799999988355e+01
4.149270629882812500e+01 3.039679999999987814e+01
4.172283554077148438e+01 3.050652799999988218e+01
4.208451614379882812e+01 3.061683199999987437e+01
4.240889663696289062e+01 3.072771199999986891e+01
4.273464660644531250e+01 3.083916799999986580e+01
4.325040588378906250e+01 3.095119999999986504e+01
4.352786941528320312e+01 3.106380799999985953e+01
4.386216812133789062e+01 3.117699199999985638e+01
4.412765350341796875e+01 3.129075199999985557e+01
4.436581802368164062e+01 3.140508799999985001e+01
4.432897262573242188e+01 3.151999999999985391e+01
4.458475723266601562e+01 3.163548799999984595e+01
4.476111068725585938e+01 3.175155199999984035e+01
4.460249481201171875e+01 3.186819199999983709e+01
4.454005279541015625e+01 3.198540799999983619e+01
4.456978302001953125e+01 3.210319999999983054e+01
4.436040878295898438e+01 3.222156799999983434e+01
4.445428848266601562e+01 3.234051199999982629e+01
4.453503036499023438e+01 3.246003199999982058e+01
4.458959960937500000e+01 3.258012799999981723e+01
4.469651031494140625e+01 3.270079999999981624e+01
4.475382614135742188e+01 3.282204799999981049e+01
4.482490539550781250e+01 3.294387199999980709e+01
4.488246917724609375e+01 3.306627199999980604e+01
4.494785308837890625e+01 3.318924799999980024e+01
4.503291320800781250e+01 3.331279999999979680e+01
4.511793899536132812e+01 3.343692799999979570e+01
4.511224365234375000e+01 3.356163199999978985e+01
4.507356262207031250e+01 3.368691199999977925e+01
4.507292175292968750e+01 3.381276799999978522e+01
4.504595947265625000e+01 3.393919999999978643e+01
4.504721450805664062e+01 3.406620799999978288e+01
4.506537628173828125e+01 3.419379199999976748e+01
4.507240676879882812e+01 3.432195199999976154e+01
4.506818008422851562e+01 3.445068799999977216e+01
4.505078887939453125e+01 3.457999999999975671e+01
4.502600860595703125e+01 3.470988799999975782e+01
4.501063156127929688e+01 3.484035199999974708e+01
4.496318054199218750e+01 3.497139199999975290e+01
4.492008590698242188e+01 3.510300799999974686e+01
4.485140228271484375e+01 3.523519999999974317e+01
4.474428176879882812e+01 3.536796799999974183e+01
4.464788055419921875e+01 3.550131199999972864e+01
4.454669952392578125e+01 3.563523199999972491e+01
4.444837570190429688e+01 3.576972799999972352e+01
4.436759567260742188e+01 3.590479999999971739e+01
4.426857757568359375e+01 3.604044799999971360e+01
4.413854598999023438e+01 3.617667199999971217e+01
4.405168151855468750e+01 3.631347199999970599e+01
4.396218872070312500e+01 3.645084799999970926e+01
4.381934738159179688e+01 3.658879999999970067e+01
4.368085861206054688e+01 3.672732799999969444e+01
4.352701187133789062e+01 3.686643199999969056e+01
4.336991882324218750e+01 3.700611199999968903e+01
4.323067855834960938e+01 3.714636799999968275e+01
4.309312820434570312e+01 3.728719999999968593e+01
4.294062042236328125e+01 3.742860799999967725e+01
4.277526855468750000e+01 3.757059199999967092e+01
4.260976791381835938e+01 3.771315199999966694e+01
4.244294738769531250e+01 3.785628799999965821e+01
4.226442718505859375e+01 3.799999999999965894e+01
4.209062194824218750e+01 3.814428799999965491e+01
4.192968368530273438e+01 3.828915199999964614e+01
4.175372314453125000e+01 3.843459199999964682e+01
4.158589172363281250e+01 3.858060799999964274e+01
4.139276123046875000e+01 3.872719999999964102e+01
4.119492340087890625e+01 3.887436799999962744e+01
4.101808166503906250e+01 3.902211199999962332e+01
4.083750152587890625e+01 3.917043199999961445e+01
4.065938186645507812e+01 3.931932799999962214e+01
4.049781799316406250e+01 3.946879999999961086e+01
4.031600952148437500e+01 3.961884799999960194e+01
4.011609268188476562e+01 3.976947199999959537e+01
3.996170425415039062e+01 3.992067199999959115e+01
3.979011535644531250e+01 4.007244799999958929e+01
3.958898544311523438e+01 4.022479999999958977e+01
3.941740036010742188e+01 4.037772799999958551e+01
3.925148773193359375e+01 4.053123199999957649e+01
3.910823440551757812e+01 4.068531199999957693e+01
3.895605850219726562e+01 4.083996799999957261e+01
3.878796005249023438e+01 4.099519999999956354e+01
3.864910125732421875e+01 4.115100799999954972e+01
3.853220367431640625e+01 4.130739199999954536e+01
3.844712448120117188e+01 4.146435199999954335e+01
3.833908081054687500e+01 4.162188799999954369e+01
3.824641799926757812e+01 4.177999999999954639e+01
3.811338043212890625e+01 4.193868799999953012e+01
3.803683471679687500e+01 4.209795199999953041e+01
3.794149398803710938e+01 4.225779199999951885e+01
3.784864425659179688e+01 4.241820799999952385e+01
3.781175231933593750e+01 4.257919999999951699e+01
3.773423767089843750e+01 4.274076799999950538e+01
3.769353103637695312e+01 4.290291199999950322e+01
3.764822006225585938e+01 4.306563199999949632e+01
3.760903167724609375e+01 4.322892799999949887e+01
3.755995559692382812e+01 4.339279999999948956e+01
3.751865005493164062e+01 4.355724799999948260e+01
3.746752166748046875e+01 4.372227199999947089e+01
3.746312332153320312e+01 4.388787199999947575e+01
3.747606658935546875e+01 4.405404799999946874e+01
3.746974945068359375e+01 4.422079999999946409e+01
3.747980880737304688e+01 4.438812799999945469e+01
3.747986984252929688e+01 4.455603199999944763e+01
3.747421264648437500e+01 4.472451199999945004e+01
3.746797943115234375e+01 4.489356799999943348e+01
3.750382995605468750e+01 4.506319999999943349e+01
3.759588241577148438e+01 4.523340799999942874e+01
3.769924545288085938e+01 4.540419199999941924e+01
3.776043319702148438e+01 4.557555199999941209e+01
3.785080337524414062e+01 4.574748799999940729e+01
3.792972946166992188e+01 4.591999999999941195e+01
3.804763793945312500e+01 4.609308799999939055e+01
3.812323379516601562e+01 4.626675199999938570e+01
3.820191574096679688e+01 4.644099199999939032e+01
3.830218887329101562e+01 4.661580799999938307e+01
3.844044113159179688e+01 4.679119999999937818e+01
3.852422714233398438e+01 4.696716799999937564e+01
3.863877487182617188e+01 4.714371199999936124e+01
3.881262207031250000e+01 4.732083199999935630e+01
3.893211746215820312e+01 4.749852799999936082e+01
3.905221176147460938e+01 4.767679999999936058e+01
3.925793075561523438e+01 4.785564799999934849e+01
3.945598220825195312e+01 4.803507199999932453e+01
3.964961242675781250e+01 4.821507199999932425e+01
3.989608001708984375e+01 4.839564799999933342e+01
4.020872879028320312e+01 4.857679999999932363e+01
4.047781753540039062e+01 4.875852799999931619e+01
4.071812438964843750e+01 4.894083199999931111e+01
4.100155258178710938e+01 4.912371199999930127e+01
4.124545669555664062e+01 4.930716799999928668e+01
4.154595947265625000e+01 4.949119999999928154e+01
4.175584411621093750e+01 4.967580799999927876e+01
4.206334686279296875e+01 4.986099199999927833e+01
4.238088226318359375e+01 5.004675199999925894e+01
4.268115234375000000e+01 5.023308799999926322e+01
4.310703659057617188e+01 5.041999999999924853e+01
4.354451370239257812e+01 5.060748799999925041e+01
4.388591003417968750e+01 5.079555199999924042e+01
4.421397018432617188e+01 5.098419199999923990e+01
4.455093383789062500e+01 5.117340799999923462e+01
4.496004486083984375e+01 5.136319999999922459e+01
4.539012527465820312e+01 5.155356799999921691e+01
4.581208419799804688e+01 5.174451199999921158e+01
4.627759552001953125e+01 5.193603199999920150e+01
4.678312301635742188e+01 5.212812799999920088e+01
4.728783798217773438e+01 5.232079999999919551e+01
4.781876373291015625e+01 5.251404799999919248e+01
4.829783630371093750e+01 5.270787199999917760e+01
4.878651428222656250e+01 5.290227199999917218e+01
4.931040191650390625e+01 5.309724799999916200e+01
4.987551879882812500e+01 5.329279999999916129e+01
5.042379760742187500e+01 5.348892799999914871e+01
5.105399322509765625e+01 5.368563199999913849e+01
5.159083557128906250e+01 5.388291199999913772e+01
5.207223892211914062e+01 5.408076799999913220e+01
5.252745437622070312e+01 5.427919999999913614e+01
5.299795150756835938e+01 5.447820799999911401e+01
5.351640319824218750e+01 5.467779199999910844e+01
5.401147460937500000e+01 5.487795199999911233e+01
5.451613998413085938e+01 5.507868799999909726e+01
5.501294326782226562e+01 5.527999999999909164e+01
5.549318313598632812e+01 5.548188799999907417e+01
5.602637100219726562e+01 5.568435199999907326e+01
5.653048706054687500e+01 5.588739199999906759e+01
5.703004837036132812e+01 5.609100799999907139e+01
5.754445266723632812e+01 5.629519999999905622e+01
5.808077621459960938e+01 5.649996799999905761e+01
5.860403060913085938e+01 5.670531199999904715e+01
5.913202667236328125e+01 5.691123199999904614e+01
5.952639007568359375e+01 5.711772799999902617e+01
5.997095108032226562e+01 5.732479999999901565e+01
6.054716110229492188e+01 5.753244799999900749e+01
6.111967849731445312e+01 5.774067199999901590e+01
6.157960510253906250e+01 5.794947199999900533e+01
6.204766464233398438e+01 5.815884799999899002e+01
6.249719238281250000e+01 5.836879999999899837e+01
6.300811386108398438e+01 5.857932799999898066e+01
6.352439117431640625e+01 5.879043199999897240e+01
6.396900939941406250e+01 5.900211199999898781e+01
6.436580657958984375e+01 5.921436799999898426e+01
6.481415557861328125e+01 5.942719999999900438e+01
6.530356597900390625e+01 5.964060799999900553e+01
6.570799255371093750e+01 5.985459199999900193e+01
6.616220092773437500e+01 6.006915199999900778e+01
6.664392852783203125e+01 6.028428799999902310e+01
6.701680755615234375e+01 6.049999999999903366e+01
6.736096954345703125e+01 6.071628799999902526e+01
6.779107666015625000e+01 6.093315199999904053e+01
6.819597625732421875e+01 6.115059199999903683e+01
6.860375213623046875e+01 6.136860799999904259e+01
6.900625610351562500e+01 6.158719999999905781e+01
6.929827880859375000e+01 6.180636799999906827e+01
6.965216064453125000e+01 6.202611199999905978e+01
7.003336334228515625e+01 6.224643199999907495e+01
7.038822937011718750e+01 6.246732799999908536e+01
7.077221679687500000e+01 6.268879999999907682e+01
7.118203735351562500e+01 6.291084799999909194e+01
7.143110656738281250e+01 6.313347199999910231e+01
7.172644042968750000e+01 6.335667199999909371e+01
7.201249694824218750e+01 6.358044799999910879e+01
7.235139465332031250e+01 6.380479999999911911e+01
7.262744903564453125e+01 6.402972799999911047e+01
7.289272308349609375e+01 6.425523199999913970e+01
7.316150665283203125e+01 6.448131199999913576e+01
7.348366546630859375e+01 6.470796799999914128e+01
7.379288482666015625e+01 6.493519999999914205e+01
7.403065490722656250e+01 6.516300799999915228e+01
7.422638702392578125e+01 6.539139199999915775e+01
7.441716766357421875e+01 6.562035199999915847e+01
7.463906097412109375e+01 6.584988799999916864e+01
7.489988708496093750e+01 6.607999999999917407e+01
