2.000000000000000000e+01 2.000000000000000000e+01
2.026625251770019531e+01 2.000028800000000118e+01
2.046973495483398438e+01 2.000115199999999760e+01
2.068628463745117188e+01 2.000259199999999993e+01
2.088450851440429688e+01 2.000460799999999750e+01
2.108262748718261719e+01 2.000719999999999743e+01
2.103231697082519531e+01 2.001036799999999971e+01
2.103444099426269531e+01 2.001411199999999724e+01
2.100821418762207031e+01 2.001843199999999712e+01
2.105499839782714844e+01 2.002332799999999935e+01
2.123171424865722656e+01 2.002880000000000038e+01
2.118959693908691406e+01 2.003484800000000021e+01
2.112230072021484375e+01 2.004147199999999884e+01
2.111764526367187500e+01 2.004867199999999983e+01
2.118517684936523438e+01 2.005644800000000316e+01
2.109787025451660156e+01 2.006480000000000175e+01
2.095804672241210938e+01 2.007372800000000268e+01
2.088165168762207031e+01 2.008323199999999886e+01
2.088697662353515625e+01 2.009331200000000095e+01
2.075569763183593750e+01 2.010396800000000184e+01
2.070566940307617188e+01 2.011520000000000152e+01
2.064218101501464844e+01 2.012700800000000356e+01
2.066036682128906250e+01 2.013939200000000085e+01
2.065541267395019531e+01 2.015235200000000049e+01
2.057144775390625000e+01 2.016588800000000248e+01
2.052320251464843750e+01 2.018000000000000327e+01
2.050949630737304688e+01 2.019468800000000286e+01
2.043389396667480469e+01 2.020995200000000125e+01
2.038702590942382812e+01 2.022579200000000199e+01
2.036119567871093750e+01 2.024220800000000509e+01
2.035267562866210938e+01 2.025920000000000698e+01
2.032175827026367188e+01 2.027676800000000412e+01
1.996590805053710938e+01 2.029491200000000362e+01
1.959993362426757812e+01 2.031363200000000546e+01
1.923966789245605469e+01 2.033292800000000256e+01
1.887270355224609375e+01 2.035280000000000555e+01
1.853590011596679688e+01 2.037324800000000380e+01
1.818260002136230469e+01 2.039427200000000440e+01
1.783784866333007812e+01 2.041587200000000735e+01
1.748662567138671875e+01 2.043804800000000910e+01
1.713752555847167969e+01 2.046080000000000609e+01
1.681203460693359375e+01 2.048412800000000544e+01
1.648415756225585938e+01 2.050803200000000714e+01
1.615994453430175781e+01 2.053251200000000409e+01
1.581020736694335938e+01 2.055756800000001050e+01
1.549213790893554688e+01 2.058320000000000860e+01
1.520720195770263672e+01 2.060940800000000905e+01
1.486739730834960938e+01 2.063619200000000831e+01
1.450543785095214844e+01 2.066355200000000991e+01
1.419465065002441406e+01 2.069148800000001032e+01
1.389269447326660156e+01 2.072000000000001307e+01
1.361100292205810547e+01 2.074908800000000753e+01
1.334999942779541016e+01 2.077875200000001144e+01
1.312005233764648438e+01 2.080899200000001059e+01
1.287692356109619141e+01 2.083980800000001210e+01
1.266421890258789062e+01 2.087120000000001596e+01
1.247447109222412109e+01 2.090316800000001152e+01
1.229407119750976562e+01 2.093571200000001298e+01
1.212678909301757812e+01 2.096883200000001324e+01
1.193142986297607422e+01 2.100252800000001940e+01
1.178356552124023438e+01 2.103680000000001726e+01
1.171665763854980469e+01 2.107164800000001748e+01
1.159245681762695312e+01 2.110707200000001649e+01
1.153378295898437500e+01 2.114307200000001785e+01
1.147123813629150391e+01 2.117964800000002157e+01
1.149170780181884766e+01 2.121680000000002053e+01
1.150836181640625000e+01 2.125452800000002185e+01
1.144291210174560547e+01 2.129283200000001841e+01
1.144206714630126953e+01 2.133171200000002088e+01
1.141856098175048828e+01 2.137116800000002570e+01
1.139087867736816406e+01 2.141120000000002221e+01
1.150804519653320312e+01 2.145180800000002108e+01
1.167261886596679688e+01 2.149299200000002230e+01
1.184430408477783203e+01 2.153475200000002587e+01
1.200580692291259766e+01 2.157708800000002825e+01
1.218711853027343750e+01 2.162000000000002586e+01
1.236716079711914062e+01 2.166348800000002583e+01
1.251448726654052734e+01 2.170755200000002816e+01
1.270296382904052734e+01 2.175219200000002573e+01
1.292109680175781250e+01 2.179740800000002920e+01
1.307671928405761719e+01 2.184320000000003148e+01
1.334688282012939453e+01 2.188956800000002900e+01
1.362029266357421875e+01 2.193651200000003243e+01
1.385776519775390625e+01 2.198403200000003110e+01
1.411114788055419922e+01 2.203212800000003568e+01
1.435499000549316406e+01 2.208080000000003551e+01
1.459212779998779297e+01 2.213004800000003058e+01
1.490382766723632812e+01 2.217987200000003511e+01
1.524721527099609375e+01 2.223027200000003489e+01
1.564557075500488281e+01 2.228124800000003702e+01
1.602340126037597656e+01 2.233280000000004151e+01
1.639883041381835938e+01 2.238492800000003768e+01
1.674161911010742188e+01 2.243763200000003621e+01
1.705608177185058594e+01 2.249091200000004065e+01
1.748710441589355469e+01 2.254476800000004033e+01
1.789286994934082031e+01 2.259920000000004237e+01
1.829124641418457031e+01 2.265420800000004320e+01
1.866049957275390625e+01 2.270979200000004283e+01
1.910248756408691406e+01 2.276595200000004482e+01
1.960787582397460938e+01 2.282268800000004916e+01
2.006558227539062500e+01 2.288000000000004874e+01
2.056942749023437500e+01 2.293788800000004358e+01
2.099794387817382812e+01 2.299635200000004787e+01
2.146600151062011719e+01 2.305539200000004030e+01
2.196225166320800781e+01 2.311500800000004574e+01
2.239648437500000000e+01 2.317520000000004288e+01
2.287110519409179688e+01 2.323596800000004237e+01
2.340789031982421875e+01 2.329731200000004421e+01
2.392263793945312500e+01 2.335923200000003774e+01
2.441369438171386719e+01 2.342172800000003718e+01
2.493342971801757812e+01 2.348480000000004253e+01
2.547708129882812500e+01 2.354844800000003602e+01
2.602777099609375000e+01 2.361267200000003541e+01
2.654072570800781250e+01 2.367747200000003360e+01
2.705251884460449219e+01 2.374284800000003415e+01
2.754644203186035156e+01 2.380880000000003349e+01
2.803656196594238281e+01 2.387532800000003164e+01
2.850082397460937500e+01 2.394243200000002858e+01
2.894477081298828125e+01 2.401011200000002788e+01
2.942545700073242188e+01 2.407836800000002953e+01
2.987400817871093750e+01 2.414720000000002642e+01
3.032304382324218750e+01 2.421660800000002567e+01
3.074002456665039062e+01 2.428659200000002372e+01
3.111971092224121094e+01 2.435715200000002412e+01
3.151187515258789062e+01 2.442828800000002332e+01
3.189178276062011719e+01 2.450000000000002132e+01
3.228065872192382812e+01 2.457228800000001812e+01
3.264422225952148438e+01 2.464515200000001727e+01
3.299426651000976562e+01 2.471859200000001522e+01
3.336408233642578125e+01 2.479260800000001552e+01
3.375662994384765625e+01 2.486720000000001818e+01
3.406005859375000000e+01 2.494236800000000898e+01
3.440740585327148438e+01 2.501811200000001278e+01
3.474383926391601562e+01 2.509443200000000829e+01
3.504369735717773438e+01 2.517132800000000614e+01
3.533350753784179688e+01 2.524880000000000635e+01
3.560389709472656250e+01 2.532684800000000536e+01
3.587067794799804688e+01 2.540547200000000316e+01
3.616036987304687500e+01 2.548467199999999977e+01
3.641300201416015625e+01 2.556444799999999873e+01
3.662131500244140625e+01 2.564480000000000004e+01
3.684632873535156250e+01 2.572572799999999660e+01
3.705065155029296875e+01 2.580723199999999551e+01
3.724713516235351562e+01 2.588931199999998967e+01
3.742846679687500000e+01 2.597196799999998973e+01
3.759228897094726562e+01 2.605519999999998859e+01
3.775447845458984375e+01 2.613900799999998270e+01
3.792627334594726562e+01 2.622339199999998627e+01
3.812549209594726562e+01 2.630835199999998153e+01
3.828112792968750000e+01 2.639388799999998270e+01
3.843241882324218750e+01 2.647999999999998266e+01
3.858037948608398438e+01 2.656668799999997432e+01
3.871603393554687500e+01 2.665395199999997544e+01
3.879652786254882812e+01 2.674179199999996825e+01
3.887988662719726562e+01 2.683020799999997053e+01
3.896418762207031250e+01 2.691919999999997160e+01
3.903146362304687500e+01 2.700876799999996436e+01
3.910029983520507812e+01 2.709891199999996658e+01
3.915930557250976562e+01 2.718963199999996405e+01
3.923829269409179688e+01 2.728092799999995677e+01
3.927169799804687500e+01 2.737279999999995894e+01
3.933121109008789062e+01 2.746524799999995281e+01
3.938082885742187500e+01 2.755827199999995614e+01
3.942080688476562500e+01 2.765187199999994760e+01
3.942598342895507812e+01 2.774604799999994853e+01
3.942949676513671875e+01 2.784079999999994826e+01
3.944154739379882812e+01 2.793612799999994323e+01
3.945142364501953125e+01 2.803203199999993700e+01
3.947170257568359375e+01 2.812851199999993668e+01
3.945356750488281250e+01 2.822556799999993871e+01
3.943053817749023438e+01 2.832319999999993598e+01
3.939516067504882812e+01 2.842140799999993561e+01
3.934520339965820312e+01 2.852019199999993049e+01
3.931724929809570312e+01 2.861955199999992772e+01
3.931075668334960938e+01 2.871948799999992019e+01
3.929329299926757812e+01 2.881999999999992212e+01
3.925147628784179688e+01 2.892108799999991930e+01
3.916263198852539062e+01 2.902275199999991173e+01
3.906916427612304688e+01 2.912499199999991362e+01
3.897883605957031250e+01 2.922780799999991075e+01
3.890447235107421875e+01 2.933119999999991023e+01
3.882363510131835938e+01 2.943516799999991207e+01
3.871611404418945312e+01 2.953971199999990205e+01
3.858464050292968750e+01 2.964483199999990148e+01
3.847727966308593750e+01 2.975052799999989617e+01
3.836405563354492188e+01 2.985679999999990031e+01
3.825443267822265625e+01 2.996364799999989259e+01
3.813457107543945312e+01 3.007107199999988723e+01
3.803430938720703125e+01 3.017907199999988421e+01
3.789886474609375000e+01 3.028764799999988355e+01
3.775116729736328125e+01 3.039679999999987814e+01
3.760144424438476562e+01 3.050652799999988218e+01
3.746462631225585938e+01 3.061683199999987437e+01
3.729594802856445312e+01 3.072771199999986891e+01
3.710554122924804688e+01 3.083916799999986580e+01
3.691490936279296875e+01 3.095119999999986504e+01
3.673626708984375000e+01 3.106380799999985953e+01
3.654814147949218750e+01 3.117699199999985638e+01
3.636847686767578125e+01 3.129075199999985557e+01
3.618770217895507812e+01 3.140508799999985001e+01
3.600469207763671875e+01 3.151999999999985391e+01
3.582577514648437500e+01 3.163548799999984595e+01
3.563541412353515625e+01 3.175155199999984035e+01
3.543539047241210938e+01 3.186819199999983709e+01
3.525258636474609375e+01 3.198540799999983619e+01
3.506371688842773438e+01 3.210319999999983054e+01
3.486679077148437500e+01 3.222156799999983434e+01
3.467215347290039062e+01 3.234051199999982629e+01
3.444608688354492188e+01 3.246003199999982058e+01
3.424679183959960938e+01 3.258012799999981723e+01
3.403631210327148438e+01 3.270079999999981624e+01
3.381446838378906250e+01 3.282204799999981049e+01
3.360614013671875000e+01 3.294387199999980709e+01
3.339193725585937500e+01 3.306627199999980604e+01
3.320777130126953125e+01 3.318924799999980024e+01
3.300200653076171875e+01 3.331279999999979680e+01
3.281940078735351562e+01 3.343692799999979570e+01
3.262793350219726562e+01 3.356163199999978985e+01
3.244518280029296875e+01 3.368691199999977925e+01
3.228416824340820312e+01 3.381276799999978522e+01
3.211195755004882812e+01 3.393919999999978643e+01
3.197649002075195312e+01 3.406620799999978288e+01
3.182717704772949219e+01 3.419379199999976748e+01
3.166126632690429688e+01 3.432195199999976154e+01
3.150738906860351562e+01 3.445068799999977216e+01
3.137742996215820312e+01 3.457999999999975671e+01
3.129411315917968750e+01 3.470988799999975782e+01
3.115603065490722656e+01 3.484035199999974708e+01
3.100992774963378906e+01 3.497139199999975290e+01
3.089266395568847656e+01 3.510300799999974686e+01
3.077686882019042969e+01 3.523519999999974317e+01
3.069469833374023438e+01 3.536796799999974183e+01
3.058836746215820312e+01 3.550131199999972864e+01
3.046750831604003906e+01 3.563523199999972491e+01
3.038387680053710938e+01 3.576972799999972352e+01
3.028649711608886719e+01 3.590479999999971739e+01
3.018827247619628906e+01 3.604044799999971360e+01
3.013331222534179688e+01 3.617667199999971217e+01
3.005646896362304688e+01 3.631347199999970599e+01
2.997059249877929688e+01 3.645084799999970926e+01
2.987830543518066406e+01 3.658879999999970067e+01
2.983409500122070312e+01 3.672732799999969444e+01
2.985919761657714844e+01 3.686643199999969056e+01
2.979748344421386719e+01 3.700611199999968903e+01
2.976506805419921875e+01 3.714636799999968275e+01
2.972056198120117188e+01 3.728719999999968593e+01
2.969304084777832031e+01 3.742860799999967725e+01
2.968112182617187500e+01 3.757059199999967092e+01
2.966371536254882812e+01 3.771315199999966694e+01
2.971284484863281250e+01 3.785628799999965821e+01
2.968688392639160156e+01 3.799999999999965894e+01
2.976612091064453125e+01 3.814428799999965491e+01
2.979964637756347656e+01 3.828915199999964614e+01
2.982664680480957031e+01 3.843459199999964682e+01
2.990962982177734375e+01 3.858060799999964274e+01
2.999365615844726562e+01 3.872719999999964102e+01
3.002788162231445312e+01 3.887436799999962744e+01
3.007710456848144531e+01 3.902211199999962332e+01
3.017474174499511719e+01 3.917043199999961445e+01
3.021557426452636719e+01 3.931932799999962214e+01
3.038463592529296875e+01 3.946879999999961086e+01
3.055560684204101562e+01 3.961884799999960194e+01
3.068812751770019531e+01 3.976947199999959537e+01
3.093343734741210938e+01 3.992067199999959115e+01
3.109074211120605469e+01 4.007244799999958929e+01
3.124560737609863281e+01 4.022479999999958977e+01
3.141500663757324219e+01 4.037772799999958551e+01
3.159576606750488281e+01 4.053123199999957649e+01
3.180957412719726562e+01 4.068531199999957693e+01
3.206032562255859375e+01 4.083996799999957261e+01
3.236333465576171875e+01 4.099519999999956354e+01
3.260334014892578125e+01 4.115100799999954972e+01
3.293034744262695312e+01 4.130739199999954536e+01
3.324996948242187500e+01 4.146435199999954335e+01
3.354481887817382812e+01 4.162188799999954369e+01
3.389860153198242188e+01 4.177999999999954639e+01
3.422965240478515625e+01 4.193868799999953012e+01
3.460132980346679688e+01 4.209795199999953041e+01
3.493171691894531250e+01 4.225779199999951885e+01
3.523933029174804688e+01 4.241820799999952385e+01
3.561108779907226562e+01 4.257919999999951699e+01
3.608814620971679688e+01 4.274076799999950538e+01
3.641781616210937500e+01 4.290291199999950322e+01
3.681010437011718750e+01 4.306563199999949632e+01
3.723608016967773438e+01 4.322892799999949887e+01
3.770352935791015625e+01 4.339279999999948956e+01
3.815945434570312500e+01 4.355724799999948260e+01
3.865233993530273438e+01 4.372227199999947089e+01
3.909346771240234375e+01 4.388787199999947575e+01
3.959399032592773438e+01 4.405404799999946874e+01
4.006593704223632812e+01 4.422079999999946409e+01
4.061079025268554688e+01 4.438812799999945469e+01
4.114335632324218750e+01 4.455603199999944763e+01
4.166642379760742188e+01 4.472451199999945004e+01
4.219598388671875000e+01 4.489356799999943348e+01
4.272299575805664062e+01 4.506319999999943349e+01
4.320407867431640625e+01 4.523340799999942874e+01
4.370458221435546875e+01 4.540419199999941924e+01
4.426646423339843750e+01 4.557555199999941209e+01
4.481933212280273438e+01 4.574748799999940729e+01
4.535726547241210938e+01 4.591999999999941195e+01
4.587951660156250000e+01 4.609308799999939055e+01
4.645843124389648438e+01 4.626675199999938570e+01
4.702829360961914062e+01 4.644099199999939032e+01
4.761601257324218750e+01 4.661580799999938307e+01
4.814139938354492188e+01 4.679119999999937818e+01
4.871783828735351562e+01 4.696716799999937564e+01
4.929662704467773438e+01 4.714371199999936124e+01
4.981763076782226562e+01 4.732083199999935630e+01
5.031240081787109375e+01 4.749852799999936082e+01
5.081749343872070312e+01 4.767679999999936058e+01
5.122371292114257812e+01 4.785564799999934849e+01
5.167977523803710938e+01 4.803507199999932453e+01
5.218673706054687500e+01 4.821507199999932425e+01
5.274798965454101562e+01 4.839564799999933342e+01
5.323005294799804688e+01 4.857679999999932363e+01
5.372879028320312500e+01 4.875852799999931619e+01
5.423684692382812500e+01 4.894083199999931111e+01
5.464730453491210938e+01 4.912371199999930127e+01
5.507406616210937500e+01 4.930716799999928668e+01
5.552464675903320312e+01 4.949119999999928154e+01
5.603376770019531250e+01 4.967580799999927876e+01
5.652578735351562500e+01 4.986099199999927833e+01
5.698866271972656250e+01 5.004675199999925894e+01
5.742905044555664062e+01 5.023308799999926322e+01
5.784960556030273438e+01 5.041999999999924853e+01
5.816651535034179688e+01 5.060748799999925041e+01
5.861630249023437500e+01 5.079555199999924042e+01
5.908853149414062500e+01 5.098419199999923990e+01
5.948926162719726562e+01 5.117340799999923462e+01
5.980732345581054688e+01 5.136319999999922459e+01
6.007177734375000000e+01 5.155356799999921691e+01
6.042614364624023438e+01 5.174451199999921158e+01
6.078562164306640625e+01 5.193603199999920150e+01
6.110268783569335938e+01 5.212812799999920088e+01
6.142935180664062500e+01 5.232079999999919551e+01
6.182592773437500000e+01 5.251404799999919248e+01
6.211323165893554688e+01 5.270787199999917760e+01
6.237201309204101562e+01 5.290227199999917218e+01
6.268717575073242188e+01 5.309724799999916200e+01
6.295868682861328125e+01 5.329279999999916129e+01
6.321879196166992188e+01 5.348892799999914871e+01
6.349510192871093750e+01 5.368563199999913849e+01
6.374975204467773438e+01 5.388291199999913772e+01
6.402257537841796875e+01 5.408076799999913220e+01
6.425791168212890625e+01 5.427919999999913614e+01
6.446904754638671875e+01 5.447820799999911401e+01
6.468043518066406250e+01 5.467779199999910844e+01
6.489717864990234375e+01 5.487795199999911233e+01
6.516386413574218750e+01 5.507868799999909726e+01
6.534971618652343750e+01 5.527999999999909164e+01
6.561378479003906250e+01 5.548188799999907417e+01
6.577950286865234375e+01 5.568435199999907326e+01
6.592872619628906250e+01 5.588739199999906759e+01
6.607933044433593750e+01 5.609100799999907139e+01
6.626588439941406250e+01 5.629519999999905622e+01
6.649411773681640625e+01 5.649996799999905761e+01
6.662585449218750000e+01 5.670531199999904715e+01
6.674494934082031250e+01 5.691123199999904614e+01
6.688452148437500000e+01 5.711772799999902617e+01
6.704040527343750000e+01 5.732479999999901565e+01
6.715264892578125000e+01 5.753244799999900749e+01
6.729042053222656250e+01 5.774067199999901590e+01
6.741108703613281250e+01 5.794947199999900533e+01
6.751578521728515625e+01 5.815884799999899002e+01
6.759967041015625000e+01 5.836879999999899837e+01
6.763664245605468750e+01 5.857932799999898066e+01
6.770481109619140625e+01 5.879043199999897240e+01
6.776334381103515625e+01 5.900211199999898781e+01
6.778266143798828125e+01 5.921436799999898426e+01
6.782043457031250000e+01 5.942719999999900438e+01
6.785662841796875000e+01 5.964060799999900553e+01
6.794883728027343750e+01 5.985459199999900193e+01
6.802983856201171875e+01 6.006915199999900778e+01
6.810261535644531250e+01 6.028428799999902310e+01
6.817398834228515625e+01 6.049999999999903366e+01
6.826457214355468750e+01 6.071628799999902526e+01
6.834753417968750000e+01 6.093315199999904053e+01
6.842671203613281250e+01 6.115059199999903683e+01
6.852742767333984375e+01 6.136860799999904259e+01
6.861158752441406250e+01 6.158719999999905781e+01
6.869995880126953125e+01 6.180636799999906827e+01
6.878278350830078125e+01 6.202611199999905978e+01
6.882862854003906250e+01 6.224643199999907495e+01
6.881427001953125000e+01 6.246732799999908536e+01
6.883507537841796875e+01 6.268879999999907682e+01
6.882122802734375000e+01 6.291084799999909194e+01
6.874221801757812500e+01 6.313347199999910231e+01
6.869580078125000000e+01 6.335667199999909371e+01
6.868464660644531250e+01 6.358044799999910879e+01
6.866372680664062500e+01 6.380479999999911911e+01
6.863540649414062500e+01 6.402972799999911047e+01
6.863131713867187500e+01 6.425523199999913970e+01
6.863129425048828125e+01 6.448131199999913576e+01
6.855666351318359375e+01 6.470796799999914128e+01
6.847218322753906250e+01 6.493519999999914205e+01
6.838932037353515625e+01 6.516300799999915228e+01
6.829544830322265625e+01 6.539139199999915775e+01
6.821315002441406250e+01 6.562035199999915847e+01
6.811862945556640625e+01 6.584988799999916864e+01
6.804075622558593750e+01 6.607999999999917407e+01
